id	f0	f1	y
0	41	14	0
1	42	63	1
2	14	26	0
3	79	77	0
4	43	43	1
5	52	93	0
6	27	31	1
7	33	93	0
8	34	14	0
9	36	96	0
10	16	31	0
11	72	36	1
12	59	70	1
13	87	50	0
14	19	83	0
15	99	15	0
16	27	13	0
17	84	69	0
18	65	43	1
19	74	83	0
20	40	93	0
21	38	17	0
22	90	3	0
23	24	32	0
24	100	89	0
25	23	36	0
26	78	25	0
27	38	54	1
28	84	13	0
29	67	46	1
30	3	90	0
31	98	11	0
32	2	37	0
33	19	97	0
34	21	60	0
35	19	4	0
36	24	17	0
37	3	80	0
38	77	23	0
39	99	92	0
40	54	76	0
41	97	100	0
42	39	78	0
43	27	69	1
44	99	72	0
45	49	68	1
46	36	3	0
47	49	63	1
48	38	38	1
49	94	58	0
50	0	22	0
51	22	33	0
52	17	87	0
53	51	84	0
54	100	100	0
55	76	23	0
56	90	28	0
57	75	6	0
58	31	66	1
59	83	67	0
60	30	54	1
61	22	52	0
62	36	75	0
63	8	27	0
64	0	18	0
65	15	72	0
66	10	83	0
67	56	5	0
68	92	24	0
69	95	13	0
70	21	74	0
71	44	30	1
72	45	59	1
73	58	24	0
74	14	97	0
75	19	63	0
76	81	56	0
77	8	57	0
78	2	39	0
79	6	16	0
80	36	55	1
81	15	57	0
82	11	0	0
83	71	33	1
84	66	48	1
85	9	79	0
86	27	68	1
87	100	11	0
88	17	28	0
89	96	15	0
90	66	57	1
91	98	24	0
92	46	26	1
93	65	3	0
94	67	66	1
95	56	75	0
96	62	55	1
97	41	99	0
98	43	44	1
99	96	37	0
100	5	100	0
101	60	62	1
102	81	97	0
103	13	5	0
104	8	40	0
105	36	37	1
106	30	64	1
107	81	49	0
108	58	9	0
109	11	78	0
110	41	91	0
111	50	68	1
112	83	40	0
113	39	95	0
114	58	15	0
115	57	37	1
116	74	83	0
117	75	33	0
118	60	58	1
119	76	29	0
120	41	55	1
121	51	82	0
122	78	68	0
123	39	53	1
124	7	69	0
125	79	12	0
126	20	13	0
127	72	20	0
128	14	20	0
129	18	95	0
130	71	81	0
131	15	40	0
132	28	27	1
133	14	82	0
134	95	27	0
135	21	69	0
136	41	60	1
137	59	56	1
138	25	35	0
139	52	54	1
140	95	52	0
141	86	73	0
142	95	98	0
143	76	27	0
144	55	42	1
145	94	68	0
146	21	10	0
147	54	39	1
148	56	56	1
149	73	26	1
150	96	35	0
151	18	15	0
152	71	65	1
153	86	80	0
154	40	34	1
155	67	88	0
156	15	30	0
157	90	77	0
158	15	71	0
159	43	35	1
160	92	3	0
161	36	23	0
162	20	91	0
163	50	71	1
164	81	12	0
165	74	27	1
166	63	15	0
167	67	35	1
168	75	48	0
169	32	81	0
170	81	30	0
171	1	13	0
172	99	83	0
173	72	97	0
174	4	94	0
175	86	95	0
176	52	18	0
177	7	78	0
178	29	0	0
179	45	31	1
180	21	34	0
181	13	38	0
182	39	25	0
183	47	67	1
184	81	69	0
185	34	6	0
186	97	51	0
187	77	18	0
188	5	85	0
189	2	51	0
190	35	95	0
191	28	72	1
192	17	51	0
193	69	45	1
194	97	24	0
195	75	57	0
196	26	35	1
197	95	99	0
198	88	92	0
199	66	77	0
200	78	59	0
201	33	59	1
202	71	67	1
203	12	52	0
204	65	81	0
205	23	82	0
206	30	39	1
207	80	51	0
208	76	35	0
209	77	3	0
210	58	72	1
211	23	89	0
212	87	22	0
213	53	5	0
214	86	6	0
215	89	5	0
216	12	39	0
217	99	54	0
218	84	39	0
219	35	28	1
220	28	57	1
221	34	53	1
222	47	91	0
223	0	50	0
224	22	48	0
225	69	88	0
226	2	19	0
227	83	92	0
228	29	61	1
229	58	65	1
230	25	89	0
231	8	89	0
232	47	39	1
233	46	94	0
234	79	99	0
235	70	75	0
236	14	16	0
237	43	36	1
238	97	37	0
239	50	88	0
240	2	85	0
241	94	84	0
242	69	43	1
243	12	76	0
244	81	52	0
245	28	13	0
246	18	83	0
247	92	87	0
248	60	64	1
249	72	1	0
250	64	87	0
251	48	14	0
252	56	7	0
253	66	98	0
254	62	17	0
255	96	46	0
256	96	72	0
257	24	63	0
258	26	99	0
259	94	13	0
260	48	1	0
261	50	20	0
262	30	20	0
263	42	14	0
264	34	61	1
265	46	49	1
266	94	86	0
267	52	57	1
268	85	20	0
269	23	26	0
270	7	11	0
271	44	10	0
272	71	1	0
273	39	22	0
274	33	15	0
275	30	77	0
276	46	57	1
277	19	20	0
278	35	41	1
279	53	90	0
280	69	20	0
281	14	17	0
282	36	9	0
283	33	79	0
284	85	31	0
285	70	97	0
286	86	23	0
287	92	8	0
288	16	1	0
289	46	23	0
290	5	60	0
291	35	66	1
292	2	70	0
293	24	41	0
294	17	39	0
295	69	100	0
296	73	19	0
297	92	7	0
298	78	90	0
299	89	21	0
300	12	47	0
301	10	17	0
302	14	11	0
303	67	77	0
304	71	62	1
305	87	35	0
306	91	48	0
307	72	55	1
308	89	68	0
309	86	38	0
310	64	53	1
311	6	60	0
312	24	24	0
313	75	40	0
314	81	54	0
315	2	90	0
316	98	54	0
317	83	23	0
318	92	75	0
319	16	47	0
320	26	29	1
321	6	6	0
322	45	9	0
323	73	37	1
324	37	21	0
325	69	22	0
326	71	67	1
327	82	41	0
328	8	1	0
329	59	98	0
330	61	31	1
331	30	90	0
332	70	96	0
333	83	56	0
334	85	82	0
335	98	17	0
336	86	35	0
337	55	78	0
338	56	70	1
339	25	24	0
340	70	65	1
341	61	10	0
342	73	79	0
343	57	91	0
344	95	19	0
345	45	43	1
346	84	12	0
347	32	68	1
348	57	32	1
349	5	32	0
350	10	19	0
351	12	18	0
352	22	60	0
353	57	40	1
354	20	52	0
355	89	56	0
356	98	81	0
357	83	29	0
358	99	13	0
359	97	67	0
360	18	9	0
361	65	96	0
362	45	98	0
363	37	73	1
364	45	66	1
365	63	74	1
366	2	82	0
367	19	45	0
368	15	3	0
369	87	36	0
370	71	19	0
371	41	93	0
372	29	44	1
373	59	90	0
374	95	30	0
375	35	86	0
376	63	28	1
377	59	18	0
378	42	69	1
379	49	57	1
380	14	33	0
381	49	65	1
382	61	40	1
383	40	4	0
384	35	39	1
385	56	84	0
386	70	14	0
387	53	46	1
388	99	81	0
389	83	75	0
390	35	12	0
391	72	23	0
392	44	44	1
393	90	53	0
394	95	93	0
395	0	56	0
396	8	48	0
397	80	75	0
398	82	11	0
399	4	45	0
400	67	0	0
401	82	49	0
402	50	20	0
403	34	10	0
404	84	41	0
405	29	27	1
406	76	10	0
407	91	2	0
408	0	100	0
409	28	44	1
410	93	65	0
411	96	98	0
412	58	63	1
413	83	53	0
414	26	84	0
415	92	79	0
416	78	52	0
417	96	92	0
418	74	4	0
419	81	100	0
420	80	2	0
421	45	88	0
422	12	44	0
423	66	59	1
424	19	53	0
425	86	6	0
426	81	95	0
427	53	8	0
428	67	17	0
429	49	0	0
430	51	38	1
431	6	24	0
432	86	73	0
433	2	78	0
434	13	10	0
435	43	29	1
436	61	95	0
437	99	64	0
438	11	64	0
439	28	43	1
440	21	99	0
441	62	55	1
442	34	13	0
443	99	42	0
444	15	18	0
445	53	5	0
446	53	53	1
447	70	34	1
448	22	10	0
449	86	88	0
450	8	28	0
451	19	88	0
452	4	93	0
453	96	29	0
454	40	44	1
455	44	86	0
456	55	6	0
457	81	67	0
458	9	47	0
459	74	31	1
460	77	68	0
461	40	48	1
462	40	35	1
463	43	13	0
464	20	28	0
465	53	100	0
466	58	52	1
467	23	86	0
468	88	57	0
469	71	64	1
470	35	59	1
471	22	21	0
472	98	14	0
473	54	7	0
474	91	79	0
475	98	51	0
476	28	47	1
477	24	94	0
478	65	4	0
479	41	21	0
480	91	91	0
481	7	55	0
482	3	11	0
483	55	0	0
484	52	20	0
485	35	88	0
486	8	41	0
487	16	48	0
488	52	39	1
489	76	51	0
490	56	17	0
491	15	13	0
492	36	82	0
493	90	1	0
494	50	89	0
495	0	64	0
496	41	29	1
497	50	60	1
498	89	1	0
499	35	10	0
500	27	74	1
501	13	50	0
502	59	14	0
503	49	76	0
504	31	39	1
505	48	85	0
506	34	4	0
507	81	78	0
508	60	84	0
509	39	16	0
510	64	96	0
511	67	25	0
512	30	24	0
513	81	8	0
514	39	24	0
515	35	6	0
516	35	76	0
517	73	45	1
518	3	62	0
519	53	63	1
520	16	63	0
521	14	81	0
522	25	96	0
523	99	66	0
524	99	16	0
525	28	84	0
526	66	34	1
527	3	76	0
528	17	10	0
529	56	37	1
530	1	64	0
531	28	81	0
532	60	16	0
533	11	68	0
534	11	84	0
535	35	20	0
536	73	59	1
537	45	92	0
538	25	54	0
539	9	93	0
540	82	87	0
541	75	38	0
542	50	49	1
543	7	8	0
544	84	51	0
545	40	91	0
546	6	23	0
547	69	20	0
548	34	79	0
549	36	73	1
550	37	56	1
551	55	96	0
552	25	8	0
553	90	11	0
554	66	35	1
555	9	81	0
556	16	89	0
557	78	82	0
558	55	98	0
559	80	52	0
560	97	74	0
561	77	22	0
562	23	45	0
563	35	46	1
564	64	23	0
565	14	64	0
566	33	57	1
567	61	70	1
568	0	35	0
569	45	32	1
570	14	2	0
571	75	9	0
572	84	81	0
573	24	10	0
574	55	47	1
575	28	85	0
576	2	16	0
577	56	48	1
578	89	81	0
579	47	93	0
580	50	80	0
581	16	75	0
582	12	31	0
583	13	20	0
584	7	50	0
585	35	10	0
586	0	28	0
587	79	67	0
588	12	72	0
589	67	11	0
590	5	67	0
591	4	14	0
592	59	99	0
593	3	85	0
594	30	90	0
595	20	21	0
596	68	29	1
597	46	45	1
598	85	28	0
599	51	44	1
600	17	7	0
601	63	68	1
602	6	80	0
603	74	76	0
604	88	77	0
605	85	44	0
606	83	15	0
607	57	17	0
608	71	25	0
609	17	92	0
610	71	21	0
611	58	40	1
612	66	62	1
613	2	63	0
614	16	99	0
615	30	79	0
616	55	95	0
617	24	33	0
618	81	35	0
619	93	48	0
620	60	55	1
621	6	11	0
622	78	45	0
623	70	79	0
624	23	28	0
625	21	20	0
626	22	30	0
627	68	65	1
628	86	16	0
629	66	87	0
630	32	2	0
631	91	36	0
632	10	8	0
633	56	11	0
634	55	43	1
635	13	68	0
636	67	89	0
637	95	20	0
638	94	56	0
639	38	76	0
640	19	49	0
641	79	5	0
642	30	91	0
643	48	29	1
644	55	88	0
645	51	24	0
646	30	34	1
647	1	57	0
648	55	29	1
649	23	33	0
650	11	45	0
651	51	72	1
652	44	4	0
653	48	34	1
654	9	9	0
655	56	74	1
656	97	2	0
657	95	34	0
658	57	63	1
659	41	79	0
660	91	79	0
661	92	78	0
662	93	49	0
663	57	33	1
664	12	38	0
665	70	14	0
666	24	73	0
667	73	23	0
668	77	16	0
669	16	40	0
670	40	29	1
671	79	53	0
672	4	42	0
673	45	34	1
674	68	92	0
675	60	72	1
676	93	35	0
677	48	61	1
678	58	61	1
679	16	38	0
680	26	33	1
681	41	81	0
682	34	3	0
683	2	62	0
684	47	86	0
685	62	66	1
686	27	6	0
687	44	2	0
688	60	21	0
689	45	83	0
690	19	7	0
691	37	32	1
692	80	91	0
693	45	78	0
694	97	25	0
695	61	81	0
696	83	83	0
697	67	20	0
698	62	2	0
699	43	77	0
700	50	50	1
701	35	40	1
702	44	24	0
703	69	38	1
704	43	33	1
705	89	23	0
706	26	17	0
707	100	29	0
708	84	20	0
709	66	55	1
710	25	47	0
711	95	65	0
712	56	36	1
713	18	53	0
714	83	32	0
715	70	41	1
716	67	80	0
717	28	90	0
718	14	48	0
719	80	72	0
720	29	25	0
721	36	5	0
722	79	74	0
723	15	22	0
724	6	4	0
725	8	87	0
726	68	82	0
727	82	44	0
728	54	70	1
729	90	77	0
730	73	45	1
731	95	100	0
732	42	2	0
733	26	50	1
734	85	79	0
735	85	4	0
736	25	72	0
737	39	89	0
738	96	90	0
739	77	1	0
740	6	6	0
741	55	21	0
742	79	81	0
743	78	88	0
744	13	77	0
745	75	36	0
746	51	23	0
747	43	21	0
748	25	84	0
749	72	46	1
750	61	54	1
751	95	65	0
752	45	13	0
753	90	59	0
754	49	53	1
755	51	28	1
756	28	70	1
757	56	31	1
758	81	68	0
759	0	10	0
760	53	77	0
761	39	73	1
762	91	100	0
763	47	87	0
764	86	13	0
765	31	26	1
766	71	38	1
767	14	55	0
768	46	32	1
769	81	81	0
770	93	100	0
771	30	93	0
772	2	96	0
773	47	36	1
774	0	83	0
775	14	55	0
776	100	96	0
777	16	35	0
778	91	86	0
779	81	41	0
780	92	95	0
781	69	17	0
782	56	44	1
783	29	47	1
784	59	64	1
785	65	18	0
786	79	39	0
787	70	58	1
788	66	72	1
789	75	35	0
790	49	34	1
791	20	32	0
792	67	58	1
793	68	74	1
794	44	64	1
795	13	76	0
796	9	43	0
797	78	54	0
798	88	49	0
799	40	98	0
800	17	59	0
801	16	18	0
802	56	97	0
803	85	2	0
804	19	47	0
805	59	55	1
806	40	61	1
807	43	79	0
808	87	41	0
809	9	45	0
810	71	0	0
811	49	24	0
812	9	65	0
813	91	20	0
814	95	9	0
815	85	25	0
816	86	24	0
817	52	6	0
818	27	76	0
819	22	32	0
820	9	31	0
821	64	9	0
822	61	6	0
823	46	74	1
824	26	41	1
825	62	60	1
826	50	62	1
827	27	1	0
828	81	79	0
829	7	29	0
830	42	78	0
831	36	85	0
832	97	52	0
833	47	55	1
834	38	17	0
835	95	43	0
836	23	58	0
837	82	73	0
838	17	41	0
839	97	52	0
840	55	4	0
841	83	46	0
842	57	55	1
843	1	5	0
844	3	42	0
845	8	75	0
846	17	86	0
847	25	82	0
848	12	8	0
849	99	69	0
850	84	53	0
851	24	82	0
852	25	85	0
853	8	47	0
854	48	57	1
855	23	100	0
856	37	13	0
857	68	30	1
858	61	21	0
859	86	83	0
860	2	8	0
861	82	24	0
862	84	18	0
863	68	99	0
864	12	58	0
865	41	51	1
866	3	71	0
867	26	18	0
868	66	18	0
869	85	91	0
870	67	5	0
871	4	5	0
872	54	30	1
873	14	32	0
874	48	20	0
875	91	13	0
876	55	2	0
877	65	48	1
878	89	87	0
879	1	79	0
880	87	15	0
881	25	77	0
882	82	10	0
883	73	42	1
884	51	72	1
885	59	59	1
886	17	76	0
887	85	7	0
888	34	83	0
889	66	24	0
890	18	88	0
891	5	28	0
892	8	44	0
893	19	15	0
894	29	96	0
895	56	4	0
896	25	66	0
897	27	35	1
898	89	25	0
899	27	57	1
900	51	73	1
901	79	27	0
902	44	91	0
903	38	1	0
904	62	100	0
905	97	93	0
906	59	9	0
907	19	61	0
908	89	18	0
909	24	89	0
910	27	30	1
911	95	72	0
912	73	93	0
913	35	33	1
914	77	75	0
915	100	40	0
916	79	72	0
917	53	89	0
918	32	13	0
919	49	99	0
920	53	2	0
921	94	24	0
922	40	15	0
923	51	32	1
924	37	68	1
925	92	1	0
926	50	86	0
927	37	87	0
928	74	57	1
929	11	64	0
930	13	86	0
931	82	57	0
932	42	27	1
933	47	97	0
934	77	45	0
935	49	34	1
936	100	91	0
937	80	68	0
938	91	66	0
939	65	63	1
940	18	79	0
941	9	44	0
942	6	59	0
943	62	97	0
944	48	59	1
945	48	82	0
946	83	60	0
947	90	34	0
948	60	57	1
949	51	84	0
950	98	44	0
951	90	49	0
952	87	58	0
953	18	91	0
954	57	54	1
955	17	53	0
956	0	82	0
957	10	12	0
958	39	37	1
959	6	54	0
960	14	72	0
961	60	80	0
962	11	58	0
963	60	76	0
964	13	100	0
965	78	16	0
966	90	3	0
967	42	65	1
968	38	91	0
969	53	48	1
970	47	95	0
971	38	88	0
972	15	53	0
973	75	73	0
974	67	45	1
975	6	73	0
976	0	78	0
977	66	41	1
978	65	12	0
979	29	39	1
980	62	94	0
981	16	52	0
982	10	71	0
983	49	72	1
984	63	47	1
985	97	61	0
986	100	99	0
987	21	91	0
988	74	63	1
989	42	18	0
990	100	46	0
991	32	33	1
992	18	59	0
993	43	16	0
994	85	75	0
995	60	60	1
996	52	66	1
997	99	38	0
998	91	32	0
999	93	86	0
1000	77	14	0
1001	92	76	0
1002	23	36	0
1003	2	48	0
1004	70	35	1
1005	69	43	1
1006	50	95	0
1007	85	42	0
1008	61	100	0
1009	56	1	0
1010	15	53	0
1011	33	87	0
1012	95	31	0
1013	41	21	0
1014	63	13	0
1015	83	71	0
1016	98	83	0
1017	74	20	0
1018	40	15	0
1019	65	65	1
1020	4	48	0
1021	46	65	1
1022	35	1	0
1023	10	70	0
1024	54	70	1
1025	11	14	0
1026	64	17	0
1027	31	11	0
1028	59	56	1
1029	14	97	0
1030	68	90	0
1031	17	76	0
1032	43	84	0
1033	98	19	0
1034	9	11	0
1035	47	71	1
1036	5	24	0
1037	67	96	0
1038	7	100	0
1039	50	96	0
1040	84	87	0
1041	36	33	1
1042	14	20	0
1043	14	69	0
1044	26	39	1
1045	45	64	1
1046	37	99	0
1047	77	33	0
1048	79	84	0
1049	100	88	0
1050	61	47	1
1051	53	29	1
1052	20	65	0
1053	25	80	0
1054	84	64	0
1055	76	4	0
1056	80	54	0
1057	81	41	0
1058	94	9	0
1059	94	21	0
1060	70	23	0
1061	96	45	0
1062	15	29	0
1063	49	52	1
1064	67	5	0
1065	83	91	0
1066	40	90	0
1067	70	60	1
1068	15	28	0
1069	12	92	0
1070	97	14	0
1071	30	13	0
1072	18	17	0
1073	40	79	0
1074	84	33	0
1075	34	74	1
1076	24	64	0
1077	87	21	0
1078	82	65	0
1079	23	48	0
1080	79	19	0
1081	66	67	1
1082	21	67	0
1083	47	73	1
1084	92	70	0
1085	28	30	1
1086	37	50	1
1087	82	26	0
1088	56	8	0
1089	71	74	1
1090	5	64	0
1091	82	7	0
1092	82	66	0
1093	31	81	0
1094	29	52	1
1095	33	57	1
1096	58	13	0
1097	46	42	1
1098	69	55	1
1099	23	10	0
1100	20	43	0
1101	64	60	1
1102	94	70	0
1103	47	98	0
1104	15	15	0
1105	56	93	0
1106	73	22	0
1107	18	10	0
1108	39	79	0
1109	5	72	0
1110	81	57	0
1111	93	60	0
1112	69	2	0
1113	35	0	0
1114	6	42	0
1115	76	7	0
1116	92	96	0
1117	26	20	0
1118	12	44	0
1119	64	20	0
1120	92	25	0
1121	17	19	0
1122	53	3	0
1123	12	35	0
1124	25	15	0
1125	19	93	0
1126	26	100	0
1127	60	0	0
1128	12	45	0
1129	53	49	1
1130	79	23	0
1131	98	35	0
1132	12	31	0
1133	49	18	0
1134	13	15	0
1135	2	58	0
1136	81	25	0
1137	75	72	0
1138	26	97	0
1139	69	93	0
1140	39	14	0
1141	55	14	0
1142	7	40	0
1143	91	84	0
1144	27	78	0
1145	91	61	0
1146	68	24	0
1147	26	16	0
1148	4	94	0
1149	76	27	0
1150	77	34	0
1151	93	25	0
1152	79	6	0
1153	33	83	0
1154	58	5	0
1155	10	12	0
1156	56	84	0
1157	78	29	0
1158	75	0	0
1159	37	81	0
1160	99	63	0
1161	54	4	0
1162	61	33	1
1163	98	6	0
1164	5	32	0
1165	1	58	0
1166	60	7	0
1167	4	14	0
1168	81	50	0
1169	20	47	0
1170	0	13	0
1171	2	94	0
1172	43	12	0
1173	84	89	0
1174	51	92	0
1175	71	95	0
1176	54	9	0
1177	69	49	1
1178	69	73	1
1179	41	81	0
1180	61	7	0
1181	91	31	0
1182	77	19	0
1183	62	30	1
1184	93	3	0
1185	100	76	0
1186	33	13	0
1187	63	46	1
1188	6	43	0
1189	98	88	0
1190	82	63	0
1191	5	87	0
1192	94	26	0
1193	40	90	0
1194	9	53	0
1195	8	67	0
1196	89	29	0
1197	89	70	0
1198	68	94	0
1199	65	23	0
1200	80	58	0
1201	67	49	1
1202	83	79	0
1203	97	59	0
1204	22	56	0
1205	93	45	0
1206	38	20	0
1207	34	80	0
1208	31	2	0
1209	54	65	1
1210	68	69	1
1211	21	53	0
1212	97	0	0
1213	91	6	0
1214	97	98	0
1215	83	64	0
1216	45	44	1
1217	97	30	0
1218	98	45	0
1219	15	47	0
1220	79	99	0
1221	12	63	0
1222	12	71	0
1223	57	61	1
1224	45	22	0
1225	31	77	0
1226	0	17	0
1227	73	23	0
1228	65	29	1
1229	62	68	1
1230	52	26	1
1231	41	29	1
1232	66	74	1
1233	86	75	0
1234	64	41	1
1235	91	23	0
1236	96	97	0
1237	49	46	1
1238	86	85	0
1239	64	54	1
1240	57	51	1
1241	73	77	0
1242	7	43	0
1243	80	12	0
1244	25	100	0
1245	65	6	0
1246	1	46	0
1247	32	7	0
1248	12	53	0
1249	3	90	0
1250	49	14	0
1251	11	28	0
1252	71	35	1
1253	92	77	0
1254	72	45	1
1255	2	56	0
1256	38	66	1
1257	44	56	1
1258	79	3	0
1259	55	81	0
1260	8	1	0
1261	97	43	0
1262	70	85	0
1263	1	19	0
1264	57	82	0
1265	77	27	0
1266	36	47	1
1267	30	66	1
1268	18	4	0
1269	68	87	0
1270	21	48	0
1271	15	33	0
1272	37	77	0
1273	23	100	0
1274	56	64	1
1275	91	35	0
1276	72	89	0
1277	34	99	0
1278	94	77	0
1279	6	87	0
1280	13	83	0
1281	45	20	0
1282	62	12	0
1283	91	2	0
1284	94	8	0
1285	4	72	0
1286	6	12	0
1287	38	67	1
1288	22	85	0
1289	10	78	0
1290	29	8	0
1291	99	98	0
1292	88	18	0
1293	71	54	1
1294	5	81	0
1295	38	36	1
1296	92	27	0
1297	34	1	0
1298	66	54	1
1299	74	19	0
1300	51	67	1
1301	32	64	1
1302	39	5	0
1303	27	7	0
1304	62	81	0
1305	17	17	0
1306	64	56	1
1307	68	5	0
1308	24	64	0
1309	97	66	0
1310	16	93	0
1311	8	12	0
1312	46	39	1
1313	45	19	0
1314	89	67	0
1315	38	81	0
1316	44	88	0
1317	51	16	0
1318	22	2	0
1319	52	2	0
1320	68	28	1
1321	48	48	1
1322	27	83	0
1323	39	70	1
1324	70	93	0
1325	38	1	0
1326	100	71	0
1327	57	88	0
1328	39	16	0
1329	63	77	0
1330	48	75	0
1331	0	0	0
1332	80	49	0
1333	70	19	0
1334	72	67	1
1335	6	49	0
1336	67	96	0
1337	84	10	0
1338	81	24	0
1339	42	96	0
1340	41	3	0
1341	99	30	0
1342	64	84	0
1343	28	98	0
1344	53	65	1
1345	80	73	0
1346	96	55	0
1347	59	35	1
1348	96	17	0
1349	44	44	1
1350	57	40	1
1351	80	14	0
1352	25	49	0
1353	52	50	1
1354	88	28	0
1355	70	10	0
1356	85	60	0
1357	14	76	0
1358	36	50	1
1359	88	46	0
1360	28	82	0
1361	16	29	0
1362	57	23	0
1363	39	33	1
1364	36	29	1
1365	68	61	1
1366	40	88	0
1367	80	84	0
1368	14	51	0
1369	91	40	0
1370	60	33	1
1371	8	15	0
1372	38	85	0
1373	60	74	1
1374	15	41	0
1375	62	32	1
1376	44	63	1
1377	82	69	0
1378	52	72	1
1379	48	44	1
1380	4	3	0
1381	95	35	0
1382	36	93	0
1383	90	91	0
1384	38	56	1
1385	61	78	0
1386	78	63	0
1387	61	54	1
1388	76	98	0
1389	7	17	0
1390	97	71	0
1391	37	77	0
1392	66	95	0
1393	33	55	1
1394	55	0	0
1395	77	11	0
1396	60	49	1
1397	2	78	0
1398	54	13	0
1399	55	45	1
1400	28	68	1
1401	31	85	0
1402	64	75	0
1403	29	92	0
1404	57	35	1
1405	94	66	0
1406	82	52	0
1407	65	4	0
1408	0	27	0
1409	63	4	0
1410	6	5	0
1411	18	62	0
1412	90	74	0
1413	47	58	1
1414	75	75	0
1415	93	91	0
1416	72	49	1
1417	57	51	1
1418	20	70	0
1419	92	93	0
1420	53	20	0
1421	81	32	0
1422	5	48	0
1423	55	55	1
1424	64	23	0
1425	67	34	1
1426	83	70	0
1427	71	41	1
1428	34	44	1
1429	63	99	0
1430	37	6	0
1431	5	5	0
1432	20	20	0
1433	77	42	0
1434	25	96	0
1435	48	64	1
1436	98	12	0
1437	92	15	0
1438	64	90	0
1439	22	0	0
1440	56	37	1
1441	8	19	0
1442	21	82	0
1443	69	40	1
1444	57	86	0
1445	80	90	0
1446	16	14	0
1447	95	10	0
1448	27	88	0
1449	71	64	1
1450	16	70	0
1451	78	58	0
1452	87	73	0
1453	72	85	0
1454	34	95	0
1455	75	87	0
1456	75	79	0
1457	37	89	0
1458	18	14	0
1459	85	92	0
1460	41	98	0
1461	32	13	0
1462	69	84	0
1463	40	56	1
1464	24	9	0
1465	5	32	0
1466	67	99	0
1467	39	11	0
1468	30	41	1
1469	63	26	1
1470	35	19	0
1471	0	15	0
1472	52	6	0
1473	8	97	0
1474	28	71	1
1475	100	39	0
1476	3	18	0
1477	84	36	0
1478	14	45	0
1479	37	54	1
1480	37	39	1
1481	37	5	0
1482	91	66	0
1483	76	63	0
1484	74	37	1
1485	52	66	1
1486	72	37	1
1487	2	28	0
1488	69	45	1
1489	31	47	1
1490	58	19	0
1491	5	40	0
1492	56	56	1
1493	65	36	1
1494	67	48	1
1495	98	82	0
1496	40	57	1
1497	11	63	0
1498	40	0	0
1499	0	39	0
1500	98	83	0
1501	95	100	0
1502	90	7	0
1503	35	30	1
1504	80	81	0
1505	28	98	0
1506	10	30	0
1507	31	15	0
1508	64	83	0
1509	21	95	0
1510	69	5	0
1511	69	34	1
1512	39	13	0
1513	66	26	1
1514	33	38	1
1515	58	14	0
1516	98	12	0
1517	78	51	0
1518	37	47	1
1519	40	69	1
1520	25	79	0
1521	8	38	0
1522	78	92	0
1523	74	54	1
1524	59	84	0
1525	31	60	1
1526	6	37	0
1527	37	80	0
1528	58	88	0
1529	68	28	1
1530	5	40	0
1531	88	34	0
1532	17	46	0
1533	65	37	1
1534	87	10	0
1535	84	40	0
1536	66	16	0
1537	6	93	0
1538	89	43	0
1539	10	34	0
1540	75	88	0
1541	91	80	0
1542	91	35	0
1543	27	27	1
1544	79	65	0
1545	19	12	0
1546	9	74	0
1547	80	11	0
1548	22	99	0
1549	11	47	0
1550	17	39	0
1551	73	64	1
1552	28	58	1
1553	72	10	0
1554	90	0	0
1555	62	47	1
1556	76	21	0
1557	28	15	0
1558	19	62	0
1559	60	21	0
1560	62	80	0
1561	100	54	0
1562	80	38	0
1563	10	65	0
1564	76	97	0
1565	3	92	0
1566	88	42	0
1567	83	63	0
1568	76	40	0
1569	32	39	1
1570	6	48	0
1571	18	39	0
1572	55	75	0
1573	46	21	0
1574	24	8	0
1575	34	71	1
1576	67	8	0
1577	33	94	0
1578	73	7	0
1579	100	55	0
1580	26	49	1
1581	60	1	0
1582	72	74	1
1583	19	66	0
1584	98	16	0
1585	85	71	0
1586	90	81	0
1587	1	96	0
1588	52	36	1
1589	9	48	0
1590	94	84	0
1591	30	24	0
1592	43	3	0
1593	78	53	0
1594	82	33	0
1595	60	1	0
1596	82	93	0
1597	89	1	0
1598	78	71	0
1599	20	85	0
1600	28	67	1
1601	4	72	0
1602	27	33	1
1603	80	16	0
1604	87	64	0
1605	44	74	1
1606	63	35	1
1607	43	25	0
1608	65	59	1
1609	31	88	0
1610	76	93	0
1611	36	9	0
1612	13	88	0
1613	42	89	0
1614	14	85	0
1615	24	96	0
1616	68	30	1
1617	38	15	0
1618	27	21	0
1619	67	52	1
1620	5	13	0
1621	47	0	0
1622	95	81	0
1623	16	63	0
1624	52	72	1
1625	22	100	0
1626	93	91	0
1627	34	33	1
1628	20	73	0
1629	71	89	0
1630	63	79	0
1631	7	53	0
1632	0	20	0
1633	70	10	0
1634	6	58	0
1635	62	60	1
1636	91	67	0
1637	43	14	0
1638	21	5	0
1639	25	76	0
1640	11	68	0
1641	27	12	0
1642	2	29	0
1643	44	81	0
1644	25	65	0
1645	75	65	0
1646	50	50	1
1647	61	29	1
1648	82	85	0
1649	62	25	0
1650	67	0	0
1651	14	2	0
1652	2	99	0
1653	37	67	1
1654	21	48	0
1655	48	56	1
1656	69	52	1
1657	8	22	0
1658	94	14	0
1659	19	1	0
1660	89	93	0
1661	42	18	0
1662	16	59	0
1663	6	46	0
1664	48	71	1
1665	62	3	0
1666	21	22	0
1667	33	75	0
1668	17	53	0
1669	50	92	0
1670	23	88	0
1671	5	31	0
1672	77	29	0
1673	30	59	1
1674	69	36	1
1675	62	28	1
1676	33	96	0
1677	26	32	1
1678	59	21	0
1679	83	65	0
1680	52	61	1
1681	36	11	0
1682	49	18	0
1683	68	59	1
1684	82	78	0
1685	37	83	0
1686	63	45	1
1687	68	59	1
1688	42	49	1
1689	73	46	1
1690	93	38	0
1691	97	61	0
1692	47	68	1
1693	92	16	0
1694	35	7	0
1695	56	53	1
1696	4	47	0
1697	12	82	0
1698	25	36	0
1699	57	88	0
1700	14	70	0
1701	8	45	0
1702	76	92	0
1703	49	49	1
1704	25	67	0
1705	88	37	0
1706	2	20	0
1707	77	98	0
1708	36	6	0
1709	51	45	1
1710	20	36	0
1711	11	17	0
1712	65	53	1
1713	89	7	0
1714	17	34	0
1715	43	54	1
1716	18	4	0
1717	85	54	0
1718	59	36	1
1719	54	0	0
1720	44	62	1
1721	53	57	1
1722	60	24	0
1723	26	23	0
1724	69	62	1
1725	30	96	0
1726	87	5	0
1727	28	86	0
1728	38	6	0
1729	32	32	1
1730	99	63	0
1731	80	5	0
1732	42	100	0
1733	52	7	0
1734	6	27	0
1735	43	20	0
1736	2	94	0
1737	82	50	0
1738	77	99	0
1739	51	40	1
1740	4	6	0
1741	81	19	0
1742	95	51	0
1743	55	11	0
1744	67	70	1
1745	61	14	0
1746	39	89	0
1747	43	62	1
1748	56	58	1
1749	70	16	0
1750	99	31	0
1751	10	92	0
1752	59	5	0
1753	17	12	0
1754	67	90	0
1755	60	34	1
1756	17	58	0
1757	69	17	0
1758	2	1	0
1759	48	65	1
1760	0	69	0
1761	97	8	0
1762	99	43	0
1763	45	82	0
1764	93	31	0
1765	66	35	1
1766	4	13	0
1767	3	67	0
1768	1	96	0
1769	40	77	0
1770	60	40	1
1771	14	13	0
1772	28	86	0
1773	22	4	0
1774	61	26	1
1775	45	1	0
1776	87	5	0
1777	16	74	0
1778	41	31	1
1779	5	44	0
1780	27	87	0
1781	1	97	0
1782	94	33	0
1783	41	38	1
1784	83	55	0
1785	18	29	0
1786	67	4	0
1787	82	6	0
1788	91	60	0
1789	98	4	0
1790	40	45	1
1791	15	47	0
1792	73	23	0
1793	67	24	0
1794	37	85	0
1795	33	66	1
1796	28	94	0
1797	45	2	0
1798	74	81	0
1799	8	84	0
1800	3	3	0
1801	55	98	0
1802	87	41	0
1803	87	65	0
1804	54	1	0
1805	35	15	0
1806	52	28	1
1807	40	37	1
1808	8	94	0
1809	73	27	1
1810	27	98	0
1811	50	100	0
1812	11	79	0
1813	64	77	0
1814	30	78	0
1815	87	82	0
1816	87	93	0
1817	53	20	0
1818	72	42	1
1819	85	60	0
1820	44	84	0
1821	4	29	0
1822	86	67	0
1823	50	52	1
1824	44	84	0
1825	97	30	0
1826	90	22	0
1827	62	71	1
1828	65	98	0
1829	22	93	0
1830	41	18	0
1831	84	24	0
1832	32	56	1
1833	11	63	0
1834	82	72	0
1835	18	3	0
1836	77	34	0
1837	78	38	0
1838	64	91	0
1839	20	83	0
1840	100	33	0
1841	97	59	0
1842	10	34	0
1843	42	56	1
1844	86	58	0
1845	6	67	0
1846	21	43	0
1847	10	59	0
1848	25	54	0
1849	99	60	0
1850	83	7	0
1851	70	23	0
1852	43	84	0
1853	58	36	1
1854	85	94	0
1855	66	82	0
1856	45	0	0
1857	8	61	0
1858	60	51	1
1859	7	5	0
1860	44	36	1
1861	91	21	0
1862	4	26	0
1863	44	45	1
1864	79	14	0
1865	47	82	0
1866	60	73	1
1867	81	75	0
1868	26	65	1
1869	20	18	0
1870	93	89	0
1871	9	15	0
1872	31	19	0
1873	86	64	0
1874	55	34	1
1875	18	82	0
1876	70	12	0
1877	66	71	1
1878	39	29	1
1879	62	1	0
1880	92	72	0
1881	100	44	0
1882	91	67	0
1883	25	83	0
1884	84	47	0
1885	1	81	0
1886	94	51	0
1887	31	64	1
1888	33	11	0
1889	14	69	0
1890	13	90	0
1891	12	32	0
1892	97	21	0
1893	43	55	1
1894	4	83	0
1895	66	100	0
1896	47	71	1
1897	35	17	0
1898	2	88	0
1899	40	70	1
1900	69	32	1
1901	95	9	0
1902	44	84	0
1903	2	98	0
1904	9	90	0
1905	76	6	0
1906	62	81	0
1907	91	91	0
1908	2	0	0
1909	66	85	0
1910	95	82	0
1911	59	38	1
1912	43	18	0
1913	68	49	1
1914	19	30	0
1915	99	75	0
1916	43	62	1
1917	77	99	0
1918	3	93	0
1919	2	75	0
1920	2	23	0
1921	84	14	0
1922	74	79	0
1923	87	61	0
1924	67	45	1
1925	97	31	0
1926	59	30	1
1927	68	79	0
1928	78	84	0
1929	19	92	0
1930	61	80	0
1931	73	67	1
1932	75	33	0
1933	63	70	1
1934	12	59	0
1935	48	37	1
1936	22	39	0
1937	21	89	0
1938	5	70	0
1939	13	91	0
1940	40	85	0
1941	9	4	0
1942	57	40	1
1943	5	70	0
1944	80	20	0
1945	52	6	0
1946	63	17	0
1947	83	0	0
1948	49	42	1
1949	100	64	0
1950	33	33	1
1951	40	42	1
1952	50	50	1
1953	89	45	0
1954	56	85	0
1955	7	26	0
1956	14	62	0
1957	47	12	0
1958	33	26	1
1959	74	73	1
1960	11	58	0
1961	18	45	0
1962	75	69	0
1963	9	21	0
1964	76	10	0
1965	77	53	0
1966	6	68	0
1967	0	38	0
1968	47	36	1
1969	11	60	0
1970	8	39	0
1971	63	30	1
1972	40	49	1
1973	77	97	0
1974	99	29	0
1975	49	95	0
1976	56	4	0
1977	89	71	0
1978	60	88	0
1979	88	74	0
1980	93	42	0
1981	0	83	0
1982	29	97	0
1983	84	91	0
1984	65	61	1
1985	7	57	0
1986	89	4	0
1987	29	52	1
1988	20	44	0
1989	68	35	1
1990	42	84	0
1991	91	100	0
1992	69	34	1
1993	53	79	0
1994	83	51	0
1995	56	47	1
1996	100	43	0
1997	74	40	1
1998	65	36	1
1999	4	33	0
2000	33	74	1
2001	80	26	0
2002	48	19	0
2003	90	90	0
2004	40	25	0
2005	78	23	0
2006	58	40	1
2007	42	77	0
2008	37	6	0
2009	76	47	0
2010	38	47	1
2011	61	56	1
2012	96	85	0
2013	78	88	0
2014	88	78	0
2015	81	92	0
2016	99	57	0
2017	57	64	1
2018	18	53	0
2019	64	13	0
2020	35	7	0
2021	52	8	0
2022	4	83	0
2023	40	85	0
2024	43	63	1
2025	60	15	0
2026	53	89	0
2027	82	96	0
2028	35	16	0
2029	14	73	0
2030	36	77	0
2031	68	25	0
2032	84	95	0
2033	23	35	0
2034	58	26	1
2035	92	50	0
2036	72	85	0
2037	84	9	0
2038	70	40	1
2039	1	42	0
2040	98	49	0
2041	25	11	0
2042	41	80	0
2043	41	61	1
2044	85	72	0
2045	100	34	0
2046	72	13	0
2047	16	35	0
2048	9	96	0
2049	17	67	0
2050	18	57	0
2051	70	80	0
2052	83	13	0
2053	49	33	1
2054	80	77	0
2055	27	57	1
2056	85	12	0
2057	81	43	0
2058	21	31	0
2059	3	0	0
2060	94	50	0
2061	13	59	0
2062	48	73	1
2063	19	70	0
2064	33	75	0
2065	8	60	0
2066	5	68	0
2067	7	72	0
2068	65	16	0
2069	83	71	0
2070	68	48	1
2071	82	51	0
2072	21	94	0
2073	17	31	0
2074	73	58	1
2075	82	88	0
2076	48	41	1
2077	16	24	0
2078	46	90	0
2079	40	17	0
2080	32	1	0
2081	30	56	1
2082	98	28	0
2083	45	94	0
2084	26	18	0
2085	80	42	0
2086	31	1	0
2087	74	89	0
2088	38	22	0
2089	88	22	0
2090	42	84	0
2091	13	28	0
2092	61	27	1
2093	34	19	0
2094	49	36	1
2095	66	29	1
2096	55	86	0
2097	17	99	0
2098	80	4	0
2099	38	92	0
2100	72	75	0
2101	27	33	1
2102	87	65	0
2103	43	0	0
2104	99	70	0
2105	31	80	0
2106	88	44	0
2107	48	79	0
2108	35	84	0
2109	46	93	0
2110	5	67	0
2111	61	76	0
2112	65	14	0
2113	94	41	0
2114	76	39	0
2115	99	10	0
2116	99	11	0
2117	84	35	0
2118	90	33	0
2119	48	45	1
2120	93	100	0
2121	97	39	0
2122	22	18	0
2123	85	73	0
2124	92	38	0
2125	90	1	0
2126	37	63	1
2127	38	37	1
2128	54	27	1
2129	38	47	1
2130	60	35	1
2131	5	20	0
2132	22	20	0
2133	87	48	0
2134	57	68	1
2135	97	40	0
2136	98	31	0
2137	37	7	0
2138	32	37	1
2139	93	4	0
2140	100	67	0
2141	77	55	0
2142	85	35	0
2143	85	21	0
2144	84	23	0
2145	21	68	0
2146	27	40	1
2147	71	51	1
2148	4	40	0
2149	88	77	0
2150	2	38	0
2151	81	21	0
2152	3	64	0
2153	43	75	0
2154	73	30	1
2155	36	11	0
2156	61	46	1
2157	77	20	0
2158	65	74	1
2159	1	19	0
2160	24	38	0
2161	17	62	0
2162	100	40	0
2163	2	22	0
2164	87	7	0
2165	69	38	1
2166	40	70	1
2167	54	74	1
2168	47	75	0
2169	88	94	0
2170	100	25	0
2171	76	63	0
2172	98	12	0
2173	54	28	1
2174	0	91	0
2175	59	41	1
2176	31	68	1
2177	48	17	0
2178	86	32	0
2179	32	21	0
2180	54	75	0
2181	88	24	0
2182	29	59	1
2183	74	60	1
2184	86	96	0
2185	80	50	0
2186	97	51	0
2187	72	9	0
2188	95	43	0
2189	78	38	0
2190	17	68	0
2191	51	87	0
2192	83	60	0
2193	13	49	0
2194	73	11	0
2195	86	52	0
2196	99	17	0
2197	92	69	0
2198	34	82	0
2199	22	52	0
2200	69	73	1
2201	65	59	1
2202	40	99	0
2203	78	22	0
2204	52	99	0
2205	38	78	0
2206	73	42	1
2207	48	52	1
2208	64	34	1
2209	96	92	0
2210	25	17	0
2211	63	39	1
2212	83	72	0
2213	16	84	0
2214	92	30	0
2215	72	39	1
2216	81	96	0
2217	84	14	0
2218	81	68	0
2219	2	92	0
2220	96	94	0
2221	63	58	1
2222	66	63	1
2223	5	11	0
2224	7	73	0
2225	75	28	0
2226	29	48	1
2227	83	21	0
2228	15	25	0
2229	71	81	0
2230	63	9	0
2231	3	82	0
2232	71	37	1
2233	65	29	1
2234	77	0	0
2235	92	96	0
2236	58	76	0
2237	89	59	0
2238	91	28	0
2239	76	77	0
2240	75	4	0
2241	48	33	1
2242	7	65	0
2243	29	26	1
2244	84	80	0
2245	29	96	0
2246	38	58	1
2247	18	35	0
2248	23	49	0
2249	100	43	0
2250	98	37	0
2251	14	3	0
2252	28	10	0
2253	84	0	0
2254	77	90	0
2255	69	98	0
2256	98	43	0
2257	61	39	1
2258	47	67	1
2259	43	18	0
2260	59	77	0
2261	31	40	1
2262	75	40	0
2263	39	88	0
2264	99	99	0
2265	35	54	1
2266	83	75	0
2267	43	79	0
2268	22	47	0
2269	88	100	0
2270	100	68	0
2271	9	28	0
2272	58	52	1
2273	67	51	1
2274	68	9	0
2275	44	46	1
2276	73	66	1
2277	63	44	1
2278	54	25	0
2279	16	74	0
2280	46	55	1
2281	48	28	1
2282	55	39	1
2283	0	67	0
2284	37	48	1
2285	44	85	0
2286	4	36	0
2287	89	37	0
2288	10	58	0
2289	26	62	1
2290	96	5	0
2291	68	30	1
2292	70	52	1
2293	77	18	0
2294	22	7	0
2295	23	0	0
2296	34	84	0
2297	33	44	1
2298	27	34	1
2299	53	96	0
2300	71	41	1
2301	3	61	0
2302	33	81	0
2303	34	3	0
2304	35	58	1
2305	32	81	0
2306	42	48	1
2307	21	90	0
2308	40	63	1
2309	84	39	0
2310	93	32	0
2311	35	67	1
2312	3	91	0
2313	77	42	0
2314	32	89	0
2315	68	32	1
2316	68	16	0
2317	98	1	0
2318	56	62	1
2319	28	86	0
2320	10	3	0
2321	57	69	1
2322	37	46	1
2323	90	80	0
2324	98	61	0
2325	9	30	0
2326	99	12	0
2327	94	23	0
2328	2	75	0
2329	73	100	0
2330	88	2	0
2331	83	26	0
2332	33	88	0
2333	79	79	0
2334	64	51	1
2335	93	61	0
2336	85	40	0
2337	75	83	0
2338	47	12	0
2339	92	66	0
2340	10	75	0
2341	87	0	0
2342	41	36	1
2343	47	40	1
2344	61	22	0
2345	32	41	1
2346	26	18	0
2347	55	47	1
2348	4	1	0
2349	39	51	1
2350	5	84	0
2351	55	44	1
2352	4	42	0
2353	58	37	1
2354	27	74	1
2355	5	50	0
2356	82	42	0
2357	65	19	0
2358	94	20	0
2359	50	45	1
2360	52	19	0
2361	10	13	0
2362	35	23	0
2363	58	69	1
2364	82	43	0
2365	75	9	0
2366	92	35	0
2367	13	31	0
2368	76	94	0
2369	93	50	0
2370	16	62	0
2371	47	11	0
2372	92	3	0
2373	92	69	0
2374	80	81	0
2375	45	61	1
2376	13	70	0
2377	35	28	1
2378	78	71	0
2379	49	40	1
2380	19	68	0
2381	45	75	0
2382	0	15	0
2383	100	0	0
2384	24	49	0
2385	72	49	1
2386	43	72	1
2387	80	93	0
2388	20	40	0
2389	88	26	0
2390	42	9	0
2391	46	28	1
2392	26	84	0
2393	60	54	1
2394	90	42	0
2395	43	39	1
2396	53	25	0
2397	88	41	0
2398	58	8	0
2399	74	94	0
2400	90	27	0
2401	15	29	0
2402	34	58	1
2403	37	52	1
2404	42	32	1
2405	13	56	0
2406	24	10	0
2407	4	60	0
2408	55	83	0
2409	82	86	0
2410	59	89	0
2411	14	28	0
2412	68	89	0
2413	65	23	0
2414	43	40	1
2415	13	77	0
2416	86	62	0
2417	65	69	1
2418	68	99	0
2419	17	98	0
2420	35	91	0
2421	28	30	1
2422	41	85	0
2423	0	69	0
2424	7	92	0
2425	35	94	0
2426	87	1	0
2427	60	57	1
2428	76	39	0
2429	20	41	0
2430	49	53	1
2431	75	27	0
2432	63	74	1
2433	64	69	1
2434	63	16	0
2435	11	27	0
2436	73	87	0
2437	88	31	0
2438	40	24	0
2439	89	58	0
2440	7	85	0
2441	2	72	0
2442	33	98	0
2443	94	74	0
2444	61	12	0
2445	94	77	0
2446	28	81	0
2447	88	19	0
2448	18	63	0
2449	30	9	0
2450	44	100	0
2451	7	67	0
2452	83	61	0
2453	54	38	1
2454	34	95	0
2455	95	19	0
2456	13	48	0
2457	29	93	0
2458	9	75	0
2459	33	27	1
2460	1	62	0
2461	81	4	0
2462	23	5	0
2463	46	28	1
2464	19	76	0
2465	87	62	0
2466	84	13	0
2467	1	1	0
2468	45	64	1
2469	5	11	0
2470	74	54	1
2471	4	60	0
2472	67	70	1
2473	100	73	0
2474	88	25	0
2475	25	91	0
2476	87	99	0
2477	12	87	0
2478	78	3	0
2479	86	95	0
2480	49	9	0
2481	69	59	1
2482	10	63	0
2483	24	71	0
2484	77	52	0
2485	94	40	0
2486	51	54	1
2487	99	61	0
2488	8	97	0
2489	53	16	0
2490	84	52	0
2491	86	7	0
2492	86	23	0
2493	31	15	0
2494	9	0	0
2495	11	60	0
2496	2	10	0
2497	67	70	1
2498	84	94	0
2499	7	94	0
2500	39	7	0
2501	63	43	1
2502	34	62	1
2503	86	6	0
2504	60	63	1
2505	2	6	0
2506	54	0	0
2507	54	76	0
2508	61	82	0
2509	2	35	0
2510	49	10	0
2511	94	73	0
2512	31	5	0
2513	74	45	1
2514	71	56	1
2515	64	55	1
2516	93	20	0
2517	76	32	0
2518	11	27	0
2519	24	99	0
2520	80	84	0
2521	84	50	0
2522	76	72	0
2523	70	88	0
2524	48	88	0
2525	76	43	0
2526	23	96	0
2527	92	22	0
2528	28	20	0
2529	56	50	1
2530	43	83	0
2531	16	90	0
2532	60	92	0
2533	81	96	0
2534	12	46	0
2535	35	66	1
2536	89	23	0
2537	91	90	0
2538	26	64	1
2539	43	41	1
2540	51	58	1
2541	84	56	0
2542	72	88	0
2543	44	11	0
2544	62	66	1
2545	11	17	0
2546	45	50	1
2547	74	10	0
2548	98	46	0
2549	33	11	0
2550	8	41	0
2551	34	34	1
2552	37	35	1
2553	28	28	1
2554	62	40	1
2555	31	33	1
2556	95	85	0
2557	19	99	0
2558	89	11	0
2559	70	24	0
2560	69	38	1
2561	77	82	0
2562	80	78	0
2563	36	36	1
2564	74	79	0
2565	85	95	0
2566	3	85	0
2567	33	38	1
2568	43	67	1
2569	79	60	0
2570	82	18	0
2571	6	25	0
2572	62	31	1
2573	30	100	0
2574	18	87	0
2575	86	81	0
2576	68	7	0
2577	47	33	1
2578	25	22	0
2579	62	83	0
2580	84	99	0
2581	86	52	0
2582	2	29	0
2583	28	36	1
2584	79	92	0
2585	81	29	0
2586	77	65	0
2587	65	47	1
2588	4	59	0
2589	60	77	0
2590	48	12	0
2591	36	34	1
2592	61	54	1
2593	84	49	0
2594	80	47	0
2595	86	86	0
2596	98	95	0
2597	3	3	0
2598	22	20	0
2599	97	51	0
2600	57	31	1
2601	68	43	1
2602	96	9	0
2603	73	88	0
2604	45	46	1
2605	11	30	0
2606	87	14	0
2607	24	40	0
2608	69	97	0
2609	60	72	1
2610	86	14	0
2611	26	83	0
2612	73	64	1
2613	20	52	0
2614	33	96	0
2615	54	43	1
2616	41	68	1
2617	50	53	1
2618	72	83	0
2619	85	26	0
2620	78	71	0
2621	93	79	0
2622	1	70	0
2623	56	21	0
2624	54	88	0
2625	22	35	0
2626	58	6	0
2627	76	12	0
2628	33	95	0
2629	62	69	1
2630	70	80	0
2631	55	94	0
2632	94	91	0
2633	34	8	0
2634	38	64	1
2635	87	56	0
2636	83	93	0
2637	86	35	0
2638	32	2	0
2639	65	28	1
2640	64	3	0
2641	52	42	1
2642	23	48	0
2643	93	41	0
2644	85	42	0
2645	2	69	0
2646	48	82	0
2647	74	65	1
2648	55	88	0
2649	78	47	0
2650	72	94	0
2651	29	8	0
2652	14	5	0
2653	81	93	0
2654	43	37	1
2655	53	60	1
2656	60	12	0
2657	89	68	0
2658	89	94	0
2659	66	96	0
2660	16	90	0
2661	60	89	0
2662	31	20	0
2663	59	51	1
2664	13	21	0
2665	51	86	0
2666	89	94	0
2667	53	79	0
2668	49	17	0
2669	84	60	0
2670	43	52	1
2671	75	38	0
2672	48	34	1
2673	28	50	1
2674	99	36	0
2675	43	74	1
2676	61	72	1
2677	65	1	0
2678	27	35	1
2679	25	60	0
2680	40	89	0
2681	75	36	0
2682	30	98	0
2683	3	6	0
2684	14	61	0
2685	29	84	0
2686	83	18	0
2687	34	88	0
2688	63	48	1
2689	80	95	0
2690	22	72	0
2691	7	100	0
2692	32	52	1
2693	39	7	0
2694	34	1	0
2695	19	21	0
2696	20	94	0
2697	54	93	0
2698	92	62	0
2699	54	7	0
2700	100	38	0
2701	24	47	0
2702	2	28	0
2703	17	96	0
2704	80	45	0
2705	9	25	0
2706	24	13	0
2707	48	33	1
2708	94	62	0
2709	42	18	0
2710	36	73	1
2711	55	66	1
2712	46	9	0
2713	93	45	0
2714	62	92	0
2715	84	4	0
2716	0	27	0
2717	22	5	0
2718	89	34	0
2719	23	26	0
2720	67	100	0
2721	66	59	1
2722	19	81	0
2723	61	14	0
2724	45	19	0
2725	49	58	1
2726	45	9	0
2727	4	96	0
2728	17	12	0
2729	80	15	0
2730	11	100	0
2731	97	71	0
2732	69	67	1
2733	32	66	1
2734	15	83	0
2735	95	90	0
2736	26	34	1
2737	100	54	0
2738	96	0	0
2739	66	63	1
2740	5	40	0
2741	45	83	0
2742	64	12	0
2743	41	64	1
2744	90	74	0
2745	28	84	0
2746	6	34	0
2747	77	22	0
2748	57	8	0
2749	64	57	1
2750	34	17	0
2751	97	73	0
2752	30	26	1
2753	4	9	0
2754	4	5	0
2755	51	89	0
2756	84	40	0
2757	7	44	0
2758	61	0	0
2759	51	14	0
2760	71	94	0
2761	68	63	1
2762	20	23	0
2763	2	29	0
2764	34	9	0
2765	44	95	0
2766	40	96	0
2767	38	85	0
2768	55	81	0
2769	49	81	0
2770	79	71	0
2771	26	87	0
2772	49	99	0
2773	21	46	0
2774	15	98	0
2775	36	63	1
2776	47	1	0
2777	66	19	0
2778	81	59	0
2779	71	57	1
2780	9	29	0
2781	17	87	0
2782	72	40	1
2783	9	14	0
2784	22	9	0
2785	89	15	0
2786	27	76	0
2787	67	25	0
2788	51	57	1
2789	69	85	0
2790	94	35	0
2791	84	53	0
2792	84	92	0
2793	91	42	0
2794	52	2	0
2795	99	23	0
2796	6	0	0
2797	55	36	1
2798	80	60	0
2799	35	69	1
2800	48	84	0
2801	17	54	0
2802	58	25	0
2803	84	6	0
2804	43	49	1
2805	48	38	1
2806	34	23	0
2807	57	94	0
2808	81	40	0
2809	69	0	0
2810	30	20	0
2811	60	27	1
2812	64	22	0
2813	49	68	1
2814	17	32	0
2815	59	38	1
2816	31	70	1
2817	80	64	0
2818	84	83	0
2819	17	19	0
2820	63	11	0
2821	50	59	1
2822	81	44	0
2823	12	4	0
2824	33	91	0
2825	30	2	0
2826	90	92	0
2827	100	30	0
2828	88	56	0
2829	79	33	0
2830	25	2	0
2831	83	39	0
2832	15	29	0
2833	62	7	0
2834	66	43	1
2835	90	37	0
2836	38	20	0
2837	52	50	1
2838	90	62	0
2839	72	38	1
2840	44	20	0
2841	88	93	0
2842	40	41	1
2843	63	76	0
2844	67	14	0
2845	88	72	0
2846	22	27	0
2847	97	62	0
2848	28	36	1
2849	55	4	0
2850	9	93	0
2851	30	15	0
2852	50	71	1
2853	97	68	0
2854	95	38	0
2855	88	34	0
2856	1	64	0
2857	92	42	0
2858	57	72	1
2859	25	100	0
2860	78	19	0
2861	26	43	1
2862	50	55	1
2863	10	13	0
2864	15	94	0
2865	68	33	1
2866	97	30	0
2867	10	20	0
2868	15	75	0
2869	68	22	0
2870	9	26	0
2871	2	67	0
2872	4	77	0
2873	74	96	0
2874	99	38	0
2875	55	60	1
2876	3	1	0
2877	24	67	0
2878	72	75	0
2879	37	53	1
2880	46	55	1
2881	95	72	0
2882	25	31	0
2883	90	43	0
2884	98	53	0
2885	41	55	1
2886	49	66	1
2887	85	32	0
2888	31	85	0
2889	56	30	1
2890	95	84	0
2891	77	57	0
2892	36	28	1
2893	4	45	0
2894	31	39	1
2895	39	84	0
2896	100	64	0
2897	88	35	0
2898	1	53	0
2899	80	30	0
2900	64	27	1
2901	14	15	0
2902	51	44	1
2903	3	48	0
2904	31	39	1
2905	39	26	1
2906	11	76	0
2907	77	43	0
2908	23	82	0
2909	17	94	0
2910	51	95	0
2911	83	66	0
2912	60	13	0
2913	94	57	0
2914	78	99	0
2915	38	8	0
2916	17	27	0
2917	95	76	0
2918	4	93	0
2919	39	73	1
2920	54	28	1
2921	70	28	1
2922	80	1	0
2923	30	3	0
2924	18	57	0
2925	7	74	0
2926	55	89	0
2927	24	26	0
2928	8	30	0
2929	30	67	1
2930	57	80	0
2931	14	73	0
2932	51	83	0
2933	61	30	1
2934	4	83	0
2935	19	60	0
2936	36	76	0
2937	64	87	0
2938	65	37	1
2939	46	14	0
2940	20	29	0
2941	13	30	0
2942	89	83	0
2943	54	91	0
2944	42	41	1
2945	70	4	0
2946	13	64	0
2947	35	100	0
2948	7	24	0
2949	64	15	0
2950	78	63	0
2951	56	78	0
2952	48	38	1
2953	93	58	0
2954	91	58	0
2955	99	27	0
2956	83	43	0
2957	79	11	0
2958	40	96	0
2959	87	84	0
2960	78	19	0
2961	23	43	0
2962	61	89	0
2963	52	79	0
2964	13	82	0
2965	80	32	0
2966	42	94	0
2967	19	99	0
2968	53	22	0
2969	19	14	0
2970	63	41	1
2971	15	72	0
2972	75	92	0
2973	17	23	0
2974	94	59	0
2975	76	18	0
2976	51	20	0
2977	72	60	1
2978	52	16	0
2979	49	3	0
2980	78	84	0
2981	100	27	0
2982	83	12	0
2983	95	26	0
2984	53	16	0
2985	86	28	0
2986	11	47	0
2987	12	27	0
2988	56	90	0
2989	0	10	0
2990	58	90	0
2991	77	47	0
2992	32	50	1
2993	81	87	0
2994	29	50	1
2995	97	39	0
2996	43	70	1
2997	24	24	0
2998	46	0	0
2999	82	56	0
3000	65	76	0
3001	64	61	1
3002	11	82	0
3003	66	32	1
3004	32	24	0
3005	88	41	0
3006	47	60	1
3007	34	53	1
3008	92	24	0
3009	70	70	1
3010	38	76	0
3011	29	100	0
3012	46	67	1
3013	28	78	0
3014	78	75	0
3015	1	19	0
3016	51	54	1
3017	6	73	0
3018	89	34	0
3019	77	88	0
3020	76	56	0
3021	42	74	1
3022	78	83	0
3023	53	67	1
3024	78	9	0
3025	54	52	1
3026	36	93	0
3027	67	31	1
3028	93	85	0
3029	7	0	0
3030	84	23	0
3031	97	57	0
3032	50	9	0
3033	52	61	1
3034	76	33	0
3035	100	31	0
3036	72	44	1
3037	77	5	0
3038	93	55	0
3039	64	51	1
3040	90	84	0
3041	50	62	1
3042	77	84	0
3043	100	37	0
3044	16	52	0
3045	11	73	0
3046	33	88	0
3047	98	57	0
3048	41	26	1
3049	87	74	0
3050	21	76	0
3051	51	95	0
3052	8	59	0
3053	69	65	1
3054	35	94	0
3055	95	50	0
3056	17	33	0
3057	76	88	0
3058	99	72	0
3059	25	56	0
3060	42	60	1
3061	37	55	1
3062	87	51	0
3063	26	99	0
3064	34	78	0
3065	3	89	0
3066	60	5	0
3067	13	68	0
3068	46	90	0
3069	9	34	0
3070	16	53	0
3071	84	82	0
3072	49	24	0
3073	33	10	0
3074	73	2	0
3075	79	4	0
3076	14	95	0
3077	93	87	0
3078	80	57	0
3079	68	48	1
3080	68	31	1
3081	89	77	0
3082	91	33	0
3083	93	90	0
3084	26	17	0
3085	55	45	1
3086	26	70	1
3087	57	61	1
3088	100	12	0
3089	91	68	0
3090	64	60	1
3091	63	43	1
3092	91	57	0
3093	67	71	1
3094	17	2	0
3095	35	95	0
3096	79	70	0
3097	73	100	0
3098	93	76	0
3099	98	81	0
3100	52	91	0
3101	83	56	0
3102	10	5	0
3103	55	22	0
3104	38	85	0
3105	74	85	0
3106	71	70	1
3107	30	7	0
3108	47	77	0
3109	18	95	0
3110	22	82	0
3111	85	78	0
3112	73	29	1
3113	15	26	0
3114	39	86	0
3115	76	24	0
3116	47	22	0
3117	53	77	0
3118	32	33	1
3119	73	48	1
3120	86	97	0
3121	64	48	1
3122	78	64	0
3123	29	18	0
3124	27	13	0
3125	50	54	1
3126	53	73	1
3127	76	22	0
3128	66	96	0
3129	97	40	0
3130	34	32	1
3131	97	99	0
3132	41	23	0
3133	75	47	0
3134	37	18	0
3135	63	60	1
3136	33	65	1
3137	64	38	1
3138	48	93	0
3139	40	80	0
3140	38	73	1
3141	100	55	0
3142	30	67	1
3143	52	26	1
3144	55	16	0
3145	14	21	0
3146	17	12	0
3147	75	88	0
3148	30	51	1
3149	38	52	1
3150	22	35	0
3151	33	27	1
3152	30	100	0
3153	37	23	0
3154	42	88	0
3155	94	82	0
3156	36	67	1
3157	58	86	0
3158	26	50	1
3159	41	6	0
3160	37	20	0
3161	32	41	1
3162	72	31	1
3163	22	7	0
3164	99	15	0
3165	25	15	0
3166	43	13	0
3167	44	22	0
3168	86	25	0
3169	32	12	0
3170	100	68	0
3171	5	26	0
3172	35	77	0
3173	58	43	1
3174	27	31	1
3175	41	68	1
3176	84	64	0
3177	26	70	1
3178	73	30	1
3179	29	81	0
3180	11	16	0
3181	55	37	1
3182	99	49	0
3183	76	71	0
3184	97	90	0
3185	8	26	0
3186	82	56	0
3187	68	89	0
3188	17	36	0
3189	63	69	1
3190	97	63	0
3191	10	98	0
3192	25	21	0
3193	66	37	1
3194	71	12	0
3195	45	70	1
3196	7	1	0
3197	15	14	0
3198	94	96	0
3199	36	68	1
3200	47	39	1
3201	57	96	0
3202	2	52	0
3203	49	47	1
3204	48	59	1
3205	11	7	0
3206	4	7	0
3207	27	30	1
3208	63	55	1
3209	24	84	0
3210	24	98	0
3211	64	16	0
3212	78	25	0
3213	38	81	0
3214	89	65	0
3215	66	53	1
3216	30	3	0
3217	14	23	0
3218	36	28	1
3219	25	92	0
3220	3	12	0
3221	31	76	0
3222	20	42	0
3223	94	62	0
3224	10	81	0
3225	68	95	0
3226	64	36	1
3227	51	5	0
3228	40	39	1
3229	68	56	1
3230	84	62	0
3231	11	100	0
3232	34	45	1
3233	51	11	0
3234	37	78	0
3235	99	56	0
3236	50	83	0
3237	44	26	1
3238	54	14	0
3239	47	7	0
3240	62	32	1
3241	89	42	0
3242	29	47	1
3243	66	60	1
3244	80	47	0
3245	67	58	1
3246	65	36	1
3247	27	34	1
3248	44	61	1
3249	55	93	0
3250	100	33	0
3251	14	47	0
3252	89	100	0
3253	31	43	1
3254	56	58	1
3255	16	37	0
3256	96	57	0
3257	46	96	0
3258	99	32	0
3259	82	61	0
3260	72	49	1
3261	50	51	1
3262	14	10	0
3263	50	33	1
3264	52	94	0
3265	75	83	0
3266	67	47	1
3267	54	11	0
3268	39	34	1
3269	0	56	0
3270	10	87	0
3271	62	96	0
3272	17	37	0
3273	64	29	1
3274	40	40	1
3275	10	96	0
3276	2	37	0
3277	29	10	0
3278	40	17	0
3279	47	98	0
3280	69	67	1
3281	48	27	1
3282	77	9	0
3283	86	50	0
3284	17	86	0
3285	78	52	0
3286	45	8	0
3287	59	46	1
3288	62	51	1
3289	70	79	0
3290	94	13	0
3291	64	56	1
3292	84	12	0
3293	51	9	0
3294	9	88	0
3295	55	22	0
3296	80	18	0
3297	69	84	0
3298	32	30	1
3299	56	8	0
3300	52	45	1
3301	50	9	0
3302	40	69	1
3303	25	23	0
3304	26	33	1
3305	55	84	0
3306	77	37	0
3307	23	71	0
3308	53	0	0
3309	71	25	0
3310	78	8	0
3311	17	13	0
3312	46	64	1
3313	63	77	0
3314	22	75	0
3315	8	83	0
3316	93	62	0
3317	71	66	1
3318	39	13	0
3319	2	1	0
3320	44	14	0
3321	51	82	0
3322	7	43	0
3323	41	37	1
3324	35	13	0
3325	25	78	0
3326	31	78	0
3327	22	69	0
3328	82	65	0
3329	18	39	0
3330	52	76	0
3331	84	0	0
3332	46	60	1
3333	58	52	1
3334	56	76	0
3335	84	68	0
3336	69	85	0
3337	80	53	0
3338	60	33	1
3339	0	13	0
3340	34	31	1
3341	100	51	0
3342	63	42	1
3343	60	19	0
3344	12	97	0
3345	79	25	0
3346	49	6	0
3347	5	82	0
3348	3	38	0
3349	9	94	0
3350	69	33	1
3351	75	13	0
3352	86	9	0
3353	1	19	0
3354	78	19	0
3355	27	92	0
3356	51	48	1
3357	7	31	0
3358	12	22	0
3359	45	85	0
3360	19	85	0
3361	1	88	0
3362	34	82	0
3363	60	62	1
3364	10	95	0
3365	1	90	0
3366	46	57	1
3367	71	85	0
3368	6	35	0
3369	58	84	0
3370	66	38	1
3371	75	87	0
3372	21	94	0
3373	78	57	0
3374	10	64	0
3375	100	42	0
3376	73	8	0
3377	64	53	1
3378	4	30	0
3379	11	95	0
3380	40	50	1
3381	67	34	1
3382	99	86	0
3383	80	23	0
3384	25	74	0
3385	96	23	0
3386	47	11	0
3387	58	2	0
3388	4	44	0
3389	43	83	0
3390	38	35	1
3391	62	82	0
3392	3	92	0
3393	84	37	0
3394	16	77	0
3395	92	37	0
3396	77	12	0
3397	93	54	0
3398	9	24	0
3399	4	41	0
3400	6	49	0
3401	76	92	0
3402	55	48	1
3403	53	48	1
3404	53	63	1
3405	67	53	1
3406	22	87	0
3407	67	50	1
3408	67	72	1
3409	79	77	0
3410	44	97	0
3411	72	32	1
3412	24	25	0
3413	64	78	0
3414	23	38	0
3415	80	71	0
3416	23	24	0
3417	80	45	0
3418	79	54	0
3419	97	85	0
3420	86	62	0
3421	30	12	0
3422	88	12	0
3423	49	41	1
3424	23	23	0
3425	3	62	0
3426	9	91	0
3427	33	44	1
3428	7	77	0
3429	20	68	0
3430	97	67	0
3431	20	17	0
3432	58	11	0
3433	93	80	0
3434	17	70	0
3435	31	14	0
3436	79	15	0
3437	40	34	1
3438	56	30	1
3439	2	8	0
3440	21	89	0
3441	25	91	0
3442	18	39	0
3443	97	63	0
3444	65	5	0
3445	59	66	1
3446	73	44	1
3447	32	6	0
3448	61	63	1
3449	91	81	0
3450	68	23	0
3451	84	99	0
3452	13	39	0
3453	17	32	0
3454	66	87	0
3455	83	80	0
3456	98	45	0
3457	50	94	0
3458	5	13	0
3459	27	4	0
3460	26	95	0
3461	57	86	0
3462	62	59	1
3463	39	41	1
3464	37	76	0
3465	58	20	0
3466	17	94	0
3467	77	67	0
3468	0	19	0
3469	48	62	1
3470	67	3	0
3471	42	74	1
3472	98	72	0
3473	53	86	0
3474	44	44	1
3475	48	42	1
3476	18	24	0
3477	15	89	0
3478	37	64	1
3479	26	6	0
3480	69	43	1
3481	0	20	0
3482	40	23	0
3483	62	26	1
3484	71	71	1
3485	18	89	0
3486	45	33	1
3487	99	8	0
3488	40	73	1
3489	34	98	0
3490	38	72	1
3491	30	10	0
3492	98	47	0
3493	8	28	0
3494	9	39	0
3495	18	89	0
3496	98	63	0
3497	99	100	0
3498	58	10	0
3499	43	72	1
3500	32	43	1
3501	72	30	1
3502	1	52	0
3503	16	97	0
3504	35	5	0
3505	50	40	1
3506	69	69	1
3507	27	59	1
3508	42	30	1
3509	21	38	0
3510	74	27	1
3511	54	82	0
3512	53	13	0
3513	8	45	0
3514	19	83	0
3515	100	67	0
3516	95	78	0
3517	18	67	0
3518	94	82	0
3519	19	74	0
3520	16	43	0
3521	4	59	0
3522	42	70	1
3523	68	45	1
3524	64	9	0
3525	37	58	1
3526	86	84	0
3527	9	1	0
3528	41	10	0
3529	54	46	1
3530	8	75	0
3531	45	1	0
3532	70	52	1
3533	63	40	1
3534	92	25	0
3535	22	49	0
3536	86	78	0
3537	30	35	1
3538	92	54	0
3539	83	4	0
3540	28	73	1
3541	9	24	0
3542	66	30	1
3543	83	84	0
3544	73	94	0
3545	0	16	0
3546	52	87	0
3547	94	37	0
3548	54	6	0
3549	46	48	1
3550	89	77	0
3551	41	99	0
3552	75	57	0
3553	77	40	0
3554	50	55	1
3555	70	58	1
3556	95	36	0
3557	78	14	0
3558	64	36	1
3559	32	13	0
3560	90	46	0
3561	5	79	0
3562	12	100	0
3563	18	5	0
3564	43	43	1
3565	12	34	0
3566	80	73	0
3567	2	91	0
3568	1	40	0
3569	22	49	0
3570	57	38	1
3571	98	70	0
3572	76	54	0
3573	30	26	1
3574	23	100	0
3575	33	3	0
3576	0	92	0
3577	43	60	1
3578	14	5	0
3579	8	32	0
3580	86	20	0
3581	74	90	0
3582	98	25	0
3583	41	29	1
3584	84	39	0
3585	41	89	0
3586	39	2	0
3587	50	3	0
3588	97	60	0
3589	5	64	0
3590	23	94	0
3591	28	75	0
3592	65	70	1
3593	46	3	0
3594	75	76	0
3595	98	42	0
3596	9	27	0
3597	55	65	1
3598	36	51	1
3599	4	30	0
3600	93	68	0
3601	1	92	0
3602	47	11	0
3603	58	33	1
3604	100	9	0
3605	75	11	0
3606	85	95	0
3607	96	93	0
3608	8	31	0
3609	82	23	0
3610	96	35	0
3611	12	12	0
3612	1	15	0
3613	81	84	0
3614	56	3	0
3615	3	60	0
3616	80	41	0
3617	3	91	0
3618	43	30	1
3619	55	43	1
3620	56	39	1
3621	72	57	1
3622	39	76	0
3623	40	30	1
3624	97	90	0
3625	1	7	0
3626	21	1	0
3627	70	70	1
3628	71	40	1
3629	14	52	0
3630	53	84	0
3631	99	46	0
3632	32	13	0
3633	81	46	0
3634	91	90	0
3635	33	8	0
3636	6	96	0
3637	5	17	0
3638	79	100	0
3639	43	74	1
3640	56	50	1
3641	47	84	0
3642	73	15	0
3643	3	59	0
3644	0	29	0
3645	83	56	0
3646	13	6	0
3647	90	9	0
3648	3	85	0
3649	8	62	0
3650	88	52	0
3651	30	50	1
3652	55	95	0
3653	98	22	0
3654	10	36	0
3655	57	47	1
3656	95	44	0
3657	60	52	1
3658	51	87	0
3659	81	40	0
3660	36	81	0
3661	72	31	1
3662	9	66	0
3663	38	1	0
3664	98	81	0
3665	71	23	0
3666	61	49	1
3667	40	32	1
3668	36	76	0
3669	99	32	0
3670	90	47	0
3671	61	64	1
3672	5	86	0
3673	17	90	0
3674	65	11	0
3675	46	100	0
3676	6	0	0
3677	17	72	0
3678	85	73	0
3679	95	2	0
3680	60	99	0
3681	5	13	0
3682	58	82	0
3683	12	47	0
3684	11	9	0
3685	76	40	0
3686	82	100	0
3687	56	66	1
3688	81	23	0
3689	58	20	0
3690	52	1	0
3691	85	6	0
3692	63	94	0
3693	64	51	1
3694	13	3	0
3695	21	63	0
3696	63	20	0
3697	2	91	0
3698	30	90	0
3699	10	77	0
3700	37	40	1
3701	26	6	0
3702	82	13	0
3703	54	13	0
3704	21	50	0
3705	79	32	0
3706	65	66	1
3707	13	72	0
3708	70	38	1
3709	35	94	0
3710	6	0	0
3711	5	67	0
3712	49	89	0
3713	11	91	0
3714	75	68	0
3715	29	88	0
3716	22	16	0
3717	94	65	0
3718	25	35	0
3719	85	83	0
3720	39	64	1
3721	35	28	1
3722	38	21	0
3723	91	97	0
3724	26	17	0
3725	73	27	1
3726	29	5	0
3727	50	66	1
3728	27	36	1
3729	14	60	0
3730	39	33	1
3731	62	87	0
3732	8	64	0
3733	61	57	1
3734	97	10	0
3735	10	43	0
3736	58	65	1
3737	80	97	0
3738	76	14	0
3739	5	74	0
3740	95	10	0
3741	84	58	0
3742	8	52	0
3743	26	9	0
3744	79	75	0
3745	71	14	0
3746	11	18	0
3747	100	41	0
3748	1	58	0
3749	64	4	0
3750	91	93	0
3751	45	44	1
3752	54	92	0
3753	95	19	0
3754	13	95	0
3755	89	88	0
3756	48	86	0
3757	25	46	0
3758	46	96	0
3759	67	25	0
3760	71	2	0
3761	89	13	0
3762	65	35	1
3763	75	33	0
3764	68	61	1
3765	99	57	0
3766	72	13	0
3767	94	67	0
3768	4	46	0
3769	13	58	0
3770	47	69	1
3771	99	58	0
3772	20	52	0
3773	32	91	0
3774	64	65	1
3775	22	31	0
3776	80	4	0
3777	52	80	0
3778	20	5	0
3779	11	28	0
3780	82	79	0
3781	92	31	0
3782	89	24	0
3783	65	48	1
3784	28	55	1
3785	30	37	1
3786	100	19	0
3787	62	22	0
3788	23	45	0
3789	66	92	0
3790	46	53	1
3791	53	70	1
3792	72	5	0
3793	94	3	0
3794	37	21	0
3795	4	68	0
3796	35	39	1
3797	18	36	0
3798	4	64	0
3799	15	54	0
3800	12	90	0
3801	66	54	1
3802	54	97	0
3803	59	100	0
3804	30	77	0
3805	17	31	0
3806	10	29	0
3807	56	64	1
3808	48	70	1
3809	36	47	1
3810	22	98	0
3811	75	52	0
3812	99	22	0
3813	49	20	0
3814	90	11	0
3815	68	88	0
3816	53	7	0
3817	67	75	0
3818	64	81	0
3819	65	51	1
3820	8	2	0
3821	50	47	1
3822	87	18	0
3823	65	55	1
3824	81	100	0
3825	45	37	1
3826	5	11	0
3827	31	65	1
3828	48	71	1
3829	55	74	1
3830	27	44	1
3831	100	69	0
3832	34	64	1
3833	80	81	0
3834	4	81	0
3835	82	46	0
3836	91	93	0
3837	99	94	0
3838	84	60	0
3839	3	38	0
3840	1	1	0
3841	91	77	0
3842	70	49	1
3843	4	40	0
3844	18	82	0
3845	2	98	0
3846	47	44	1
3847	67	16	0
3848	15	18	0
3849	90	82	0
3850	48	92	0
3851	31	6	0
3852	41	94	0
3853	22	92	0
3854	83	88	0
3855	44	86	0
3856	91	34	0
3857	3	14	0
3858	38	24	0
3859	94	64	0
3860	90	95	0
3861	62	27	1
3862	79	50	0
3863	34	69	1
3864	20	16	0
3865	91	98	0
3866	60	2	0
3867	17	90	0
3868	17	90	0
3869	56	95	0
3870	38	68	1
3871	57	86	0
3872	29	11	0
3873	13	54	0
3874	27	14	0
3875	100	58	0
3876	14	0	0
3877	93	53	0
3878	45	84	0
3879	97	46	0
3880	46	22	0
3881	64	58	1
3882	2	40	0
3883	63	73	1
3884	12	13	0
3885	38	22	0
3886	2	7	0
3887	83	72	0
3888	55	3	0
3889	75	93	0
3890	70	97	0
3891	82	47	0
3892	55	87	0
3893	99	34	0
3894	5	23	0
3895	30	11	0
3896	53	30	1
3897	68	60	1
3898	9	7	0
3899	34	50	1
3900	95	68	0
3901	16	87	0
3902	54	66	1
3903	69	25	0
3904	68	18	0
3905	77	68	0
3906	55	19	0
3907	29	29	1
3908	1	97	0
3909	68	69	1
3910	75	71	0
3911	51	40	1
3912	80	70	0
3913	63	73	1
3914	99	77	0
3915	20	55	0
3916	45	41	1
3917	80	8	0
3918	39	46	1
3919	26	40	1
3920	1	71	0
3921	58	42	1
3922	78	76	0
3923	75	35	0
3924	81	22	0
3925	7	97	0
3926	23	8	0
3927	5	5	0
3928	96	54	0
3929	85	36	0
3930	67	84	0
3931	68	79	0
3932	90	68	0
3933	25	39	0
3934	65	83	0
3935	14	68	0
3936	56	0	0
3937	78	83	0
3938	43	53	1
3939	20	14	0
3940	56	1	0
3941	72	9	0
3942	30	14	0
3943	52	86	0
3944	64	45	1
3945	94	94	0
3946	54	24	0
3947	50	0	0
3948	32	100	0
3949	26	30	1
3950	41	84	0
3951	98	27	0
3952	23	12	0
3953	56	60	1
3954	9	67	0
3955	2	78	0
3956	23	15	0
3957	5	74	0
3958	88	34	0
3959	36	67	1
3960	62	96	0
3961	71	96	0
3962	52	66	1
3963	1	15	0
3964	26	28	1
3965	69	6	0
3966	81	19	0
3967	91	33	0
3968	89	47	0
3969	69	10	0
3970	63	81	0
3971	13	17	0
3972	11	30	0
3973	71	13	0
3974	47	19	0
3975	3	27	0
3976	73	20	0
3977	43	44	1
3978	66	52	1
3979	18	28	0
3980	39	16	0
3981	46	25	0
3982	81	55	0
3983	36	0	0
3984	52	12	0
3985	79	9	0
3986	65	81	0
3987	60	87	0
3988	72	21	0
3989	35	43	1
3990	38	13	0
3991	71	40	1
3992	18	20	0
3993	1	29	0
3994	70	49	1
3995	55	22	0
3996	55	2	0
3997	58	50	1
3998	84	70	0
3999	35	81	0
4000	73	10	0
4001	12	12	0
4002	68	14	0
4003	41	55	1
4004	57	52	1
4005	100	41	0
4006	59	63	1
4007	43	33	1
4008	25	55	0
4009	49	58	1
4010	0	51	0
4011	31	4	0
4012	26	54	1
4013	9	81	0
4014	36	28	1
4015	25	83	0
4016	63	91	0
4017	76	40	0
4018	97	49	0
4019	65	91	0
4020	54	16	0
4021	1	39	0
4022	14	66	0
4023	31	94	0
4024	86	84	0
4025	89	7	0
4026	81	64	0
4027	49	39	1
4028	14	35	0
4029	92	15	0
4030	93	82	0
4031	16	90	0
4032	28	58	1
4033	21	46	0
4034	86	50	0
4035	83	49	0
4036	24	31	0
4037	44	82	0
4038	46	30	1
4039	15	31	0
4040	55	88	0
4041	59	7	0
4042	62	15	0
4043	68	82	0
4044	22	4	0
4045	19	75	0
4046	12	86	0
4047	90	42	0
4048	45	81	0
4049	96	38	0
4050	54	87	0
4051	2	14	0
4052	49	57	1
4053	56	74	1
4054	11	28	0
4055	20	5	0
4056	86	99	0
4057	3	15	0
4058	32	11	0
4059	16	34	0
4060	27	4	0
4061	51	80	0
4062	47	3	0
4063	51	63	1
4064	46	24	0
4065	91	30	0
4066	70	9	0
4067	81	37	0
4068	23	98	0
4069	93	100	0
4070	70	59	1
4071	98	74	0
4072	47	50	1
4073	96	24	0
4074	36	86	0
4075	92	98	0
4076	1	72	0
4077	96	58	0
4078	2	32	0
4079	46	47	1
4080	42	52	1
4081	84	32	0
4082	87	59	0
4083	22	93	0
4084	59	36	1
4085	90	20	0
4086	57	90	0
4087	92	26	0
4088	25	97	0
4089	69	76	0
4090	95	2	0
4091	1	64	0
4092	4	52	0
4093	11	30	0
4094	42	44	1
4095	61	86	0
4096	82	38	0
4097	89	36	0
4098	54	75	0
4099	41	71	1
4100	34	62	1
4101	79	88	0
4102	56	10	0
4103	26	71	1
4104	58	53	1
4105	74	26	1
4106	71	91	0
4107	48	77	0
4108	42	55	1
4109	11	64	0
4110	62	15	0
4111	42	41	1
4112	36	78	0
4113	100	88	0
4114	26	65	1
4115	80	2	0
4116	64	61	1
4117	52	11	0
4118	81	12	0
4119	27	67	1
4120	59	37	1
4121	33	23	0
4122	23	31	0
4123	1	75	0
4124	7	13	0
4125	30	72	1
4126	21	23	0
4127	23	89	0
4128	89	65	0
4129	16	79	0
4130	46	13	0
4131	7	63	0
4132	56	82	0
4133	82	19	0
4134	17	34	0
4135	50	71	1
4136	31	68	1
4137	99	69	0
4138	86	20	0
4139	27	78	0
4140	19	82	0
4141	77	19	0
4142	45	50	1
4143	49	84	0
4144	37	40	1
4145	76	11	0
4146	61	81	0
4147	62	11	0
4148	3	99	0
4149	39	57	1
4150	89	48	0
4151	65	3	0
4152	90	52	0
4153	76	4	0
4154	96	13	0
4155	17	46	0
4156	93	10	0
4157	56	37	1
4158	76	6	0
4159	97	18	0
4160	40	24	0
4161	100	3	0
4162	9	24	0
4163	42	65	1
4164	73	27	1
4165	45	45	1
4166	45	28	1
4167	27	88	0
4168	98	36	0
4169	70	27	1
4170	11	77	0
4171	78	82	0
4172	46	82	0
4173	48	81	0
4174	38	3	0
4175	94	43	0
4176	4	8	0
4177	1	92	0
4178	25	75	0
4179	58	39	1
4180	37	65	1
4181	96	82	0
4182	40	90	0
4183	93	96	0
4184	80	8	0
4185	27	94	0
4186	40	88	0
4187	83	34	0
4188	49	46	1
4189	41	34	1
4190	19	7	0
4191	82	77	0
4192	70	54	1
4193	2	0	0
4194	66	43	1
4195	29	70	1
4196	82	13	0
4197	87	24	0
4198	15	84	0
4199	81	43	0
4200	47	23	0
4201	94	97	0
4202	98	44	0
4203	93	22	0
4204	6	76	0
4205	93	96	0
4206	16	16	0
4207	87	12	0
4208	9	24	0
4209	47	70	1
4210	26	23	0
4211	23	80	0
4212	19	10	0
4213	82	44	0
4214	86	90	0
4215	36	97	0
4216	34	29	1
4217	99	95	0
4218	28	80	0
4219	73	56	1
4220	69	57	1
4221	33	31	1
4222	65	65	1
4223	42	40	1
4224	81	31	0
4225	41	29	1
4226	74	58	1
4227	28	67	1
4228	65	1	0
4229	65	53	1
4230	46	33	1
4231	56	91	0
4232	43	92	0
4233	3	95	0
4234	79	45	0
4235	78	65	0
4236	50	34	1
4237	35	94	0
4238	87	34	0
4239	57	57	1
4240	29	52	1
4241	73	37	1
4242	37	54	1
4243	36	22	0
4244	49	39	1
4245	43	74	1
4246	12	65	0
4247	58	8	0
4248	21	73	0
4249	7	16	0
4250	70	36	1
4251	96	24	0
4252	34	46	1
4253	70	30	1
4254	89	31	0
4255	11	21	0
4256	84	15	0
4257	59	34	1
4258	7	57	0
4259	8	21	0
4260	93	80	0
4261	75	78	0
4262	73	76	0
4263	86	98	0
4264	55	41	1
4265	53	100	0
4266	74	72	1
4267	68	34	1
4268	20	93	0
4269	42	26	1
4270	39	64	1
4271	99	26	0
4272	53	32	1
4273	28	99	0
4274	35	42	1
4275	98	100	0
4276	73	37	1
4277	19	72	0
4278	81	93	0
4279	32	73	1
4280	65	35	1
4281	53	1	0
4282	8	6	0
4283	57	95	0
4284	30	1	0
4285	77	100	0
4286	72	24	0
4287	13	45	0
4288	20	83	0
4289	92	55	0
4290	52	33	1
4291	52	83	0
4292	84	65	0
4293	89	3	0
4294	13	37	0
4295	69	66	1
4296	91	66	0
4297	52	56	1
4298	31	69	1
4299	27	11	0
4300	43	43	1
4301	27	19	0
4302	62	4	0
4303	25	92	0
4304	73	82	0
4305	35	36	1
4306	3	82	0
4307	24	55	0
4308	68	31	1
4309	88	72	0
4310	77	33	0
4311	44	11	0
4312	54	69	1
4313	43	21	0
4314	65	73	1
4315	12	12	0
4316	80	54	0
4317	59	1	0
4318	16	14	0
4319	67	37	1
4320	0	94	0
4321	80	67	0
4322	41	76	0
4323	17	76	0
4324	58	100	0
4325	85	1	0
4326	93	19	0
4327	20	85	0
4328	98	89	0
4329	43	0	0
4330	72	4	0
4331	9	29	0
4332	25	18	0
4333	86	57	0
4334	28	83	0
4335	13	69	0
4336	30	84	0
4337	65	48	1
4338	83	30	0
4339	51	90	0
4340	1	52	0
4341	9	20	0
4342	54	27	1
4343	42	98	0
4344	7	48	0
4345	17	87	0
4346	59	12	0
4347	1	82	0
4348	81	86	0
4349	77	7	0
4350	20	7	0
4351	72	53	1
4352	58	22	0
4353	0	29	0
4354	22	63	0
4355	43	85	0
4356	9	64	0
4357	49	3	0
4358	78	64	0
4359	37	29	1
4360	54	80	0
4361	9	50	0
4362	13	20	0
4363	54	52	1
4364	92	53	0
4365	65	62	1
4366	46	88	0
4367	65	63	1
4368	66	70	1
4369	40	12	0
4370	89	57	0
4371	69	15	0
4372	24	53	0
4373	46	57	1
4374	79	56	0
4375	19	38	0
4376	40	33	1
4377	4	77	0
4378	53	51	1
4379	80	26	0
4380	63	65	1
4381	80	18	0
4382	79	62	0
4383	28	54	1
4384	39	6	0
4385	78	30	0
4386	90	82	0
4387	99	21	0
4388	86	12	0
4389	42	66	1
4390	75	51	0
4391	34	12	0
4392	60	22	0
4393	81	69	0
4394	41	65	1
4395	51	54	1
4396	3	16	0
4397	30	17	0
4398	31	74	1
4399	83	88	0
4400	6	97	0
4401	44	72	1
4402	100	20	0
4403	95	17	0
4404	100	13	0
4405	30	30	1
4406	37	93	0
4407	95	35	0
4408	53	86	0
4409	71	54	1
4410	29	70	1
4411	77	22	0
4412	96	23	0
4413	82	86	0
4414	28	37	1
4415	87	71	0
4416	43	28	1
4417	65	22	0
4418	69	68	1
4419	87	75	0
4420	8	63	0
4421	87	70	0
4422	65	80	0
4423	88	2	0
4424	94	39	0
4425	50	31	1
4426	3	64	0
4427	42	15	0
4428	41	45	1
4429	31	48	1
4430	43	82	0
4431	9	58	0
4432	74	100	0
4433	54	23	0
4434	68	70	1
4435	74	9	0
4436	95	53	0
4437	79	22	0
4438	2	3	0
4439	10	26	0
4440	38	83	0
4441	85	40	0
4442	12	80	0
4443	97	56	0
4444	11	18	0
4445	64	17	0
4446	45	96	0
4447	89	76	0
4448	24	75	0
4449	32	7	0
4450	61	92	0
4451	63	6	0
4452	36	39	1
4453	40	84	0
4454	27	74	1
4455	30	15	0
4456	18	29	0
4457	2	70	0
4458	18	87	0
4459	96	44	0
4460	63	72	1
4461	89	43	0
4462	68	98	0
4463	50	96	0
4464	66	58	1
4465	94	13	0
4466	19	69	0
4467	45	46	1
4468	88	20	0
4469	33	72	1
4470	96	66	0
4471	8	45	0
4472	96	41	0
4473	2	4	0
4474	95	6	0
4475	3	52	0
4476	17	58	0
4477	58	81	0
4478	98	29	0
4479	82	80	0
4480	24	79	0
4481	13	21	0
4482	71	3	0
4483	79	37	0
4484	2	93	0
4485	13	86	0
4486	28	5	0
4487	37	59	1
4488	13	54	0
4489	96	50	0
4490	71	71	1
4491	47	45	1
4492	55	69	1
4493	56	61	1
4494	60	3	0
4495	63	93	0
4496	53	92	0
4497	4	60	0
4498	46	63	1
4499	16	90	0
4500	53	21	0
4501	40	70	1
4502	96	46	0
4503	80	56	0
4504	20	28	0
4505	49	71	1
4506	64	15	0
4507	33	56	1
4508	42	99	0
4509	61	90	0
4510	78	38	0
4511	42	48	1
4512	67	20	0
4513	6	65	0
4514	53	67	1
4515	31	29	1
4516	59	96	0
4517	60	31	1
4518	49	81	0
4519	87	72	0
4520	84	34	0
4521	79	58	0
4522	92	97	0
4523	98	69	0
4524	13	68	0
4525	48	51	1
4526	26	51	1
4527	25	60	0
4528	67	56	1
4529	66	79	0
4530	45	79	0
4531	52	67	1
4532	17	63	0
4533	98	52	0
4534	26	44	1
4535	50	32	1
4536	43	49	1
4537	96	50	0
4538	82	24	0
4539	14	9	0
4540	11	70	0
4541	10	19	0
4542	86	13	0
4543	82	68	0
4544	60	97	0
4545	56	7	0
4546	24	87	0
4547	8	71	0
4548	43	14	0
4549	20	35	0
4550	57	51	1
4551	48	11	0
4552	66	19	0
4553	42	4	0
4554	78	90	0
4555	77	94	0
4556	84	10	0
4557	36	55	1
4558	26	89	0
4559	35	1	0
4560	34	72	1
4561	50	48	1
4562	45	5	0
4563	87	99	0
4564	45	44	1
4565	65	12	0
4566	89	37	0
4567	32	27	1
4568	53	25	0
4569	14	58	0
4570	58	15	0
4571	21	47	0
4572	100	18	0
4573	65	21	0
4574	53	85	0
4575	76	80	0
4576	41	96	0
4577	79	90	0
4578	23	79	0
4579	17	19	0
4580	2	42	0
4581	10	100	0
4582	54	76	0
4583	47	57	1
4584	32	1	0
4585	89	90	0
4586	15	46	0
4587	39	66	1
4588	6	87	0
4589	34	6	0
4590	66	29	1
4591	51	58	1
4592	24	24	0
4593	90	93	0
4594	0	27	0
4595	32	53	1
4596	9	93	0
4597	12	40	0
4598	32	21	0
4599	73	42	1
4600	24	50	0
4601	27	56	1
4602	39	20	0
4603	68	27	1
4604	70	72	1
4605	92	99	0
4606	3	82	0
4607	66	90	0
4608	75	39	0
4609	31	70	1
4610	40	43	1
4611	32	40	1
4612	63	4	0
4613	33	98	0
4614	98	11	0
4615	39	18	0
4616	61	51	1
4617	1	14	0
4618	50	82	0
4619	37	69	1
4620	100	10	0
4621	50	74	1
4622	81	80	0
4623	73	2	0
4624	74	9	0
4625	67	78	0
4626	40	4	0
4627	68	63	1
4628	92	12	0
4629	74	49	1
4630	96	90	0
4631	43	9	0
4632	20	91	0
4633	28	73	1
4634	30	93	0
4635	20	1	0
4636	12	61	0
4637	99	97	0
4638	82	38	0
4639	53	38	1
4640	11	9	0
4641	11	43	0
4642	96	29	0
4643	91	37	0
4644	5	82	0
4645	99	61	0
4646	98	49	0
4647	15	90	0
4648	5	47	0
4649	23	83	0
4650	15	26	0
4651	40	51	1
4652	5	90	0
4653	69	45	1
4654	53	13	0
4655	61	72	1
4656	23	61	0
4657	12	65	0
4658	79	84	0
4659	98	12	0
4660	60	61	1
4661	22	35	0
4662	70	18	0
4663	97	13	0
4664	57	65	1
4665	28	4	0
4666	53	5	0
4667	43	24	0
4668	11	88	0
4669	53	70	1
4670	19	54	0
4671	22	17	0
4672	25	33	0
4673	4	20	0
4674	13	12	0
4675	5	80	0
4676	32	7	0
4677	13	80	0
4678	2	14	0
4679	47	100	0
4680	43	33	1
4681	23	48	0
4682	92	88	0
4683	89	83	0
4684	77	65	0
4685	52	72	1
4686	51	7	0
4687	28	7	0
4688	7	19	0
4689	77	84	0
4690	41	43	1
4691	86	80	0
4692	74	80	0
4693	28	34	1
4694	87	19	0
4695	52	81	0
4696	24	21	0
4697	12	15	0
4698	20	37	0
4699	49	58	1
4700	19	56	0
4701	9	12	0
4702	70	50	1
4703	78	57	0
4704	1	36	0
4705	48	64	1
4706	61	47	1
4707	68	84	0
4708	9	30	0
4709	22	52	0
4710	9	67	0
4711	25	80	0
4712	6	39	0
4713	64	98	0
4714	88	17	0
4715	76	43	0
4716	78	1	0
4717	10	45	0
4718	90	71	0
4719	15	73	0
4720	67	69	1
4721	20	30	0
4722	81	46	0
4723	8	37	0
4724	15	17	0
4725	67	85	0
4726	59	85	0
4727	62	44	1
4728	54	64	1
4729	69	19	0
4730	82	22	0
4731	41	66	1
4732	67	54	1
4733	88	83	0
4734	56	27	1
4735	48	16	0
4736	26	29	1
4737	64	12	0
4738	74	28	1
4739	41	36	1
4740	55	47	1
4741	57	0	0
4742	87	99	0
4743	97	57	0
4744	42	35	1
4745	93	52	0
4746	7	37	0
4747	15	25	0
4748	78	97	0
4749	77	97	0
4750	26	16	0
4751	63	2	0
4752	89	95	0
4753	70	88	0
4754	46	3	0
4755	62	77	0
4756	45	69	1
4757	95	99	0
4758	91	63	0
4759	38	46	1
4760	78	45	0
4761	55	37	1
4762	37	97	0
4763	87	39	0
4764	64	71	1
4765	93	67	0
4766	75	88	0
4767	0	31	0
4768	36	10	0
4769	37	84	0
4770	42	88	0
4771	85	75	0
4772	36	21	0
4773	48	72	1
4774	94	19	0
4775	76	82	0
4776	76	42	0
4777	89	99	0
4778	22	4	0
4779	12	86	0
4780	43	40	1
4781	88	79	0
4782	47	10	0
4783	66	86	0
4784	74	29	1
4785	30	70	1
4786	44	28	1
4787	82	90	0
4788	37	35	1
4789	17	12	0
4790	42	49	1
4791	63	66	1
4792	12	38	0
4793	7	5	0
4794	20	77	0
4795	0	92	0
4796	41	77	0
4797	43	34	1
4798	57	43	1
4799	22	35	0
4800	64	37	1
4801	25	30	0
4802	73	75	0
4803	16	28	0
4804	28	44	1
4805	89	26	0
4806	64	70	1
4807	51	62	1
4808	9	39	0
4809	91	27	0
4810	17	8	0
4811	32	7	0
4812	58	86	0
4813	60	77	0
4814	9	94	0
4815	62	59	1
4816	46	50	1
4817	30	49	1
4818	48	64	1
4819	92	85	0
4820	97	34	0
4821	20	20	0
4822	47	69	1
4823	9	29	0
4824	62	91	0
4825	30	59	1
4826	33	65	1
4827	61	0	0
4828	8	75	0
4829	84	9	0
4830	76	40	0
4831	74	1	0
4832	65	90	0
4833	88	53	0
4834	81	6	0
4835	25	88	0
4836	99	56	0
4837	94	13	0
4838	98	12	0
4839	79	46	0
4840	56	6	0
4841	99	53	0
4842	84	52	0
4843	74	63	1
4844	25	24	0
4845	35	14	0
4846	47	50	1
4847	69	83	0
4848	54	28	1
4849	82	30	0
4850	65	61	1
4851	38	45	1
4852	14	72	0
4853	59	12	0
4854	88	30	0
4855	58	5	0
4856	75	86	0
4857	20	41	0
4858	12	80	0
4859	97	20	0
4860	56	76	0
4861	86	72	0
4862	91	89	0
4863	17	70	0
4864	25	17	0
4865	86	89	0
4866	17	38	0
4867	17	35	0
4868	98	64	0
4869	85	35	0
4870	63	0	0
4871	86	89	0
4872	20	43	0
4873	50	55	1
4874	39	84	0
4875	58	3	0
4876	42	5	0
4877	46	79	0
4878	32	6	0
4879	14	61	0
4880	80	11	0
4881	48	98	0
4882	26	0	0
4883	61	38	1
4884	82	57	0
4885	9	5	0
4886	70	100	0
4887	29	56	1
4888	32	25	0
4889	0	97	0
4890	29	79	0
4891	95	12	0
4892	4	18	0
4893	72	76	0
4894	4	97	0
4895	14	56	0
4896	59	65	1
4897	5	11	0
4898	75	43	0
4899	26	0	0
4900	45	33	1
4901	47	77	0
4902	46	1	0
4903	81	68	0
4904	25	1	0
4905	59	60	1
4906	33	90	0
4907	31	24	0
4908	11	5	0
4909	68	64	1
4910	80	14	0
4911	73	17	0
4912	76	91	0
4913	81	17	0
4914	12	31	0
4915	83	30	0
4916	83	93	0
4917	96	30	0
4918	15	32	0
4919	1	48	0
4920	90	57	0
4921	69	57	1
4922	98	68	0
4923	16	0	0
4924	84	45	0
4925	97	65	0
4926	64	34	1
4927	3	100	0
4928	35	75	0
4929	56	70	1
4930	84	42	0
4931	65	88	0
4932	42	73	1
4933	96	29	0
4934	19	46	0
4935	84	98	0
4936	65	32	1
4937	57	85	0
4938	78	72	0
4939	85	52	0
4940	73	60	1
4941	41	78	0
4942	26	57	1
4943	23	34	0
4944	16	51	0
4945	66	92	0
4946	11	40	0
4947	56	8	0
4948	70	4	0
4949	4	37	0
4950	33	43	1
4951	99	98	0
4952	69	45	1
4953	83	100	0
4954	7	7	0
4955	50	96	0
4956	16	67	0
4957	55	100	0
4958	37	90	0
4959	92	55	0
4960	99	32	0
4961	10	8	0
4962	86	5	0
4963	57	57	1
4964	43	31	1
4965	59	68	1
4966	55	5	0
4967	74	48	1
4968	5	72	0
4969	16	29	0
4970	10	1	0
4971	59	84	0
4972	62	67	1
4973	5	22	0
4974	8	30	0
4975	7	32	0
4976	6	21	0
4977	16	27	0
4978	28	51	1
4979	5	76	0
4980	31	9	0
4981	13	90	0
4982	32	97	0
4983	75	53	0
4984	1	63	0
4985	99	86	0
4986	83	8	0
4987	0	51	0
4988	25	59	0
4989	6	60	0
4990	16	95	0
4991	54	22	0
4992	13	9	0
4993	3	75	0
4994	90	4	0
4995	43	56	1
4996	47	41	1
4997	38	86	0
4998	22	98	0
4999	66	82	0
